============================================================================================================
C0  ACEPTACION -- probe() es el de k_vs_m.py byte a byte, y aqui se le exige DOS cosas
============================================================================================================

  C0a  reproduce scan() de survivors_wide.py
       t=4 r=2 M=15 : objetivo 44/44, betas 0/0   ok
       t=6 r=3 M=18 : objetivo 104/104, betas 8/8   ok

  C0b  re-mide los TESTIGOS que publico witness_family.py: prof y peldanos que cancelan
       (18, 17, 11, 8, 7, 6, 1, 0)            prof 6/6, cancelan 2/2   ok
       (22, 19, 13, 10, 9, 8, 3, 0)           prof 8/8, cancelan 2/2   ok
       (26, 25, 15, 12, 11, 10, 1, 0)         prof 10/10, cancelan 2/2   ok
       (26, 17, 15, 12, 11, 10, 9, 0)         prof 10/10, cancelan 3/3   ok
       (30, 29, 19, 14, 12, 11, 1, 0)         prof 12/12, cancelan 2/2   ok
       (30, 19, 17, 14, 13, 12, 11, 0)        prof 12/12, cancelan 3/3   ok
       (34, 33, 23, 16, 14, 11, 1, 0)         prof 14/14, cancelan 2/2   ok
       (38, 23, 21, 18, 17, 16, 15, 0)        prof 16/16, cancelan 4/4   ok

  C0 PASA

============================================================================================================
N1  LA FAMILIA  beta_j = beta_0 + j*(4,2,2,2,2,2,2,0)   |   N2  su defecto de concentricidad
============================================================================================================

  A  testigo de W=18, rama alta   semilla (18, 17, 11, 8, 7, 6, 1, 0)
     j    W   beta                                          objetivo surv  prof  cancelan  sinsop  defecto
  ----------------------------------------------------------------------------------------------------------------------
     0   18   (18, 17, 11, 8, 7, 6, 1, 0)                  si       si      6         2       1   [0, 0, -1, -3]  (suma 4)
     1   22   (22, 19, 13, 10, 9, 8, 3, 0)                 si       si      8         2       2   [0, 0, -1, -3]  (suma 4)
     2   26   (26, 21, 15, 12, 11, 10, 5, 0)               si       si     10         2       3   [0, 0, -1, -3]  (suma 4)
     3   30   (30, 23, 17, 14, 13, 12, 7, 0)               si       si     12         2       4   [0, 0, -1, -3]  (suma 4)
     4   34   (34, 25, 19, 16, 15, 14, 9, 0)               si       si     14         2       5   [0, 0, -1, -3]  (suma 4)
     5   38   (38, 27, 21, 18, 17, 16, 11, 0)              si       si     16         2       6   [0, 0, -1, -3]  (suma 4)
     6   42   (42, 29, 23, 20, 19, 18, 13, 0)              si       si     18         3       6   [0, 0, -1, -3]  (suma 4)
     7   46   (46, 31, 25, 22, 21, 20, 15, 0)              si       si     20         3       7   [0, 0, -1, -3]  (suma 4)
     8   50   (50, 33, 27, 24, 23, 22, 17, 0)              si       si     22         4       7   [0, 0, -1, -3]  (suma 4)
     9   54   (54, 35, 29, 26, 25, 24, 19, 0)              si       si     24         4       8   [0, 0, -1, -3]  (suma 4)
    10   58   (58, 37, 31, 28, 27, 26, 21, 0)              si       si     26         4       9   [0, 0, -1, -3]  (suma 4)
    11   62   (62, 39, 33, 30, 29, 28, 23, 0)              si       si     28         4      10   [0, 0, -1, -3]  (suma 4)
    12   66   (66, 41, 35, 32, 31, 30, 25, 0)              si       si     30         4      11   [0, 0, -1, -3]  (suma 4)
    13   70   (70, 43, 37, 34, 33, 32, 27, 0)              si       si     32         4      12   [0, 0, -1, -3]  (suma 4)
    14   74   (74, 45, 39, 36, 35, 34, 29, 0)              si       si     34         4      13   [0, 0, -1, -3]  (suma 4)
    15   78   (78, 47, 41, 38, 37, 36, 31, 0)              si       si     36         4      14   [0, 0, -1, -3]  (suma 4)
    16   82   (82, 49, 43, 40, 39, 38, 33, 0)              si       si     38         4      15   [0, 0, -1, -3]  (suma 4)
    17   86   (86, 51, 45, 42, 41, 40, 35, 0)              si       si     40         4      16   [0, 0, -1, -3]  (suma 4)
    18   90   (90, 53, 47, 44, 43, 42, 37, 0)              si       si     42         4      17   [0, 0, -1, -3]  (suma 4)
    19   94   (94, 55, 49, 46, 45, 44, 39, 0)              si       si     44         4      18   [0, 0, -1, -3]  (suma 4)
    20   98   (98, 57, 51, 48, 47, 46, 41, 0)              si       si     46         4      19   [0, 0, -1, -3]  (suma 4)
    21  102   (102, 59, 53, 50, 49, 48, 43, 0)             si       si     48         4      20   [0, 0, -1, -3]  (suma 4)
    22  106   (106, 61, 55, 52, 51, 50, 45, 0)             si       si     50         4      21   [0, 0, -1, -3]  (suma 4)
    23  110   (110, 63, 57, 54, 53, 52, 47, 0)             si       si     52         4      22   [0, 0, -1, -3]  (suma 4)
    24  114   (114, 65, 59, 56, 55, 54, 49, 0)             si       si     54         4      23   [0, 0, -1, -3]  (suma 4)
     -> 25 miembros, prof de 6 a 54, cancelan de 2 a 4, defecto total CONSTANTE = 4
     -> prof = 6 + 2j : ACIERTA los 25

  B  testigo de W=18, rama que mas cancela   semilla (18, 13, 11, 8, 7, 6, 5, 0)
     j    W   beta                                          objetivo surv  prof  cancelan  sinsop  defecto
  ----------------------------------------------------------------------------------------------------------------------
     0   18   (18, 13, 11, 8, 7, 6, 5, 0)                  si       si      6         2       1   [0, 0, -1, -3]  (suma 4)
     1   22   (22, 15, 13, 10, 9, 8, 7, 0)                 si       si      8         2       2   [0, 0, -1, -3]  (suma 4)
     2   26   (26, 17, 15, 12, 11, 10, 9, 0)               si       si     10         3       2   [0, 0, -1, -3]  (suma 4)
     3   30   (30, 19, 17, 14, 13, 12, 11, 0)              si       si     12         3       3   [0, 0, -1, -3]  (suma 4)
     4   34   (34, 21, 19, 16, 15, 14, 13, 0)              si       si     14         4       3   [0, 0, -1, -3]  (suma 4)
     5   38   (38, 23, 21, 18, 17, 16, 15, 0)              si       si     16         4       4   [0, 0, -1, -3]  (suma 4)
     6   42   (42, 25, 23, 20, 19, 18, 17, 0)              si       si     18         4       5   [0, 0, -1, -3]  (suma 4)
     7   46   (46, 27, 25, 22, 21, 20, 19, 0)              si       si     20         4       6   [0, 0, -1, -3]  (suma 4)
     8   50   (50, 29, 27, 24, 23, 22, 21, 0)              si       si     22         4       7   [0, 0, -1, -3]  (suma 4)
     9   54   (54, 31, 29, 26, 25, 24, 23, 0)              si       si     24         4       8   [0, 0, -1, -3]  (suma 4)
    10   58   (58, 33, 31, 28, 27, 26, 25, 0)              si       si     26         4       9   [0, 0, -1, -3]  (suma 4)
    11   62   (62, 35, 33, 30, 29, 28, 27, 0)              si       si     28         4      10   [0, 0, -1, -3]  (suma 4)
    12   66   (66, 37, 35, 32, 31, 30, 29, 0)              si       si     30         4      11   [0, 0, -1, -3]  (suma 4)
    13   70   (70, 39, 37, 34, 33, 32, 31, 0)              si       si     32         4      12   [0, 0, -1, -3]  (suma 4)
    14   74   (74, 41, 39, 36, 35, 34, 33, 0)              si       si     34         4      13   [0, 0, -1, -3]  (suma 4)
    15   78   (78, 43, 41, 38, 37, 36, 35, 0)              si       si     36         4      14   [0, 0, -1, -3]  (suma 4)
    16   82   (82, 45, 43, 40, 39, 38, 37, 0)              si       si     38         4      15   [0, 0, -1, -3]  (suma 4)
    17   86   (86, 47, 45, 42, 41, 40, 39, 0)              si       si     40         4      16   [0, 0, -1, -3]  (suma 4)
    18   90   (90, 49, 47, 44, 43, 42, 41, 0)              si       si     42         4      17   [0, 0, -1, -3]  (suma 4)
    19   94   (94, 51, 49, 46, 45, 44, 43, 0)              si       si     44         4      18   [0, 0, -1, -3]  (suma 4)
    20   98   (98, 53, 51, 48, 47, 46, 45, 0)              si       si     46         4      19   [0, 0, -1, -3]  (suma 4)
    21  102   (102, 55, 53, 50, 49, 48, 47, 0)             si       si     48         4      20   [0, 0, -1, -3]  (suma 4)
    22  106   (106, 57, 55, 52, 51, 50, 49, 0)             si       si     50         4      21   [0, 0, -1, -3]  (suma 4)
    23  110   (110, 59, 57, 54, 53, 52, 51, 0)             si       si     52         4      22   [0, 0, -1, -3]  (suma 4)
    24  114   (114, 61, 59, 56, 55, 54, 53, 0)             si       si     54         4      23   [0, 0, -1, -3]  (suma 4)
     -> 25 miembros, prof de 6 a 54, cancelan de 2 a 4, defecto total CONSTANTE = 4
     -> prof = 6 + 2j : ACIERTA los 25

  C  el REFLEJO de A bajo x -> W - 