============================================================================================================
C0  ACEPTACION -- cuatro controles, y el veredicto se suspende si falla cualquiera
============================================================================================================

  C0a  suma de TODOS los estratos  ==  full_expansion, monomio a monomio
       t=4 r=2 :  32 formas iguales, 0 distintas
       t=4 r=3 :  23 formas iguales, 0 distintas
       t=6 r=2 :  20 formas iguales, 0 distintas
       t=6 r=3 :  11 formas iguales, 0 distintas
       C0a PASA (86 formas)

  C0b  las filas de survivors_wide_OUT.txt, reproducidas con el medidor rapido
       filas archivadas encontradas: 28
       28 de 28 reproducidas  (t=4 r=2: 8, t=6 r=3: 12, t=6 r=4: 8)  en 0.1 s -- el guion viejo tardaba minutos por fila
       C0b PASA

  C0c  depth6_check_OUT.txt: espectro de grados y estratos vacios por encima
       beta=[18, 13, 11, 8, 7, 6, 5, 0]      D1=24 primer=18 prof=6  espectro [18, 16, 14, 12, 10, 8, 6, 4]  vacios [24, 22, 20]   ok
            de esos vacios: [24, 20] se cancelan, [22] no tienen ni un monomio
       beta=[18, 13, 12, 11, 10, 7, 5, 0]    D1=24 primer=18 prof=6  espectro [18, 16, 14, 12, 10, 8, 6, 4]  vacios [24, 22, 20]   ok
            de esos vacios: [24, 20] se cancelan, [22] no tienen ni un monomio
       beta=[18, 17, 11, 8, 7, 6, 1, 0]      D1=28 primer=22 prof=6  espectro [22, 20, 18, 16, 14, 12, 10, 8]  vacios [28, 26, 24]   ok
            de esos vacios: [28, 24] se cancelan, [26] no tienen ni un monomio
       beta=[19, 14, 12, 9, 8, 7, 6, 1]      D1=24 primer=18 prof=6  espectro [18, 16, 14, 12, 10, 8, 6, 4]  vacios [24, 22, 20]   ok
            de esos vacios: [24, 20] se cancelan, [22] no tienen ni un monomio
       C0c PASA (4 formas)

  C0d  DECOY: formas con [Phi]_top != 0 deben dar profundidad 0
       400 formas con [Phi]_top != 0 : 0 con profundidad != 0  (debe ser 0)
       C0d PASA

  C0 PASA -- el medidor rapido es la expansion entera, reordenada.

============================================================================================================
N1  LOS SUPERVIVIENTES, la tabla entera (survivors_wide.py se paro en la fila 28)
============================================================================================================

  barrido t=6 r=2 M=19 : 300 objetivo, 0 supervivientes   [4 s]
  barrido t=8 r=2 M=20 : 288 objetivo, 0 supervivientes   [9 s]
  barrido t=8 r=3 M=20 : 148 objetivo, 26 supervivientes   [21 s]
  barrido t=8 r=3 M=21 : 312 objetivo, 60 supervivientes   [52 s]
  barrido t=10 r=2 M=21 : 0 objetivo, 0 supervivientes   [57 s]
  barrido t=4 r=2 M=19 : 268 objetivo, 8 supervivientes   [60 s]
  barrido t=6 r=3 M=19 : 184 objetivo, 12 supervivientes   [71 s]
  barrido t=6 r=4 M=20 : 178 objetivo, 18 supervivientes   [103 s]

  supervivientes totales: 124

     t   r  e |G2|  beta                                                 poly=0   D1   1er  prof  estrato   vacios: cancelan / sin soporte
  --------------------------------------------------------------------------------------------------------
     4   2  4    2  [18, 13, 11, 8, 7, 6, 5, 0]                              si   24    18     6        4           2 / 1
     4   2  4    2  [18, 13, 12, 11, 10, 7, 5, 0]                            si   24    18     6        4           2 / 1
     4   2  4    2  [18, 17, 11, 8, 7, 6, 1, 0]                              si   28    22     6        4           2 / 1
     4   2  4    2  [18, 17, 12, 11, 10, 7, 1, 0]                            si   28    22     6        4           2 / 1
     4   2  4    2  [19, 14, 12, 9, 8, 7, 6, 1]                              si   24    18     6        4           2 / 1
     4   2  4    2  [19, 14, 13, 12, 11, 8, 6, 1]                            si   24    18     6        4           2 / 1
     4   2  4    2  [19, 18, 12, 9, 8, 7, 2, 1]                              si   28    22     6        4           2 / 1
     4   2  4    2  [19, 18, 13, 12, 11, 8, 2, 1]                            si   28    22     6        4           2 / 1
     6   3  6    2  [16, 15, 14, 13, 11, 6, 5, 4, 3, 2, 1, 0]                si   39    35     4        3           2 / 0
     6   3  6    2  [16, 15, 14, 13, 12, 11, 10, 5, 3, 2, 1, 0]              si   39    35     4        3           2 / 0
     6   3  6    2  [17, 16, 15, 14, 12, 7, 6, 5, 4, 3, 2, 1]                si   39    35     4        3           2 / 0
     6   3  6    2  [17, 16, 15, 14, 13, 12, 11, 6, 4, 3, 2, 1]              si   39    35     4        3           2 / 0
     6   3  6    2  [18, 17, 16, 15, 13, 8, 7, 6, 5, 4, 3, 2]                si   39    35     4        3           2 / 0
     6   3  6    2  [18, 17, 16, 15, 14, 7, 5, 4, 3, 2, 1, 0]                si   45    41     4        3           2 / 0
     6   3  6    2  [18, 17, 16, 15, 14, 13, 11, 4, 3, 2, 1, 0]              si   45    41     4        3           2 / 0
     6   3  6    2  [18, 17, 16, 15, 14, 13, 12, 7, 5, 4, 3, 2]              si   39    35     4        3           2 / 0
     6   3  6    2  [19, 18, 17, 16, 14, 9, 8, 7, 6, 5, 4, 3]                si   39    35     4        3           2 / 0
     6   3  6    2  [19, 18, 17, 16, 15, 8, 6, 5, 4, 3, 2, 1]                si   45    41     4        3           2 / 0
     6   3  6    2  [19, 18, 17, 16, 15, 14, 12, 5, 4, 3, 2, 1]              si   45    41     4        3           2 / 0
     6   3  6    2  [19, 18, 17, 16, 15, 14, 13, 8, 6, 5, 4, 3]              si   39    35     4        3           2 / 0
     6   4  6    2  [18, 17, 16, 15, 14, 12, 7, 6, 5, 4, 3, 2, 1, 0]         si   57    53     4        3           2 / 0
     6   4  6    2  [18, 17, 16, 15, 14, 13, 12, 11, 6, 4, 3, 2, 1, 0]       si   57    53     4        3           2 / 0
     6   4  6    2  [19, 18, 17, 16, 15, 13, 8, 7, 6, 5, 4, 3, 2, 1]         si   57    53     4        3           2 / 0
     6   4  6    2  [19, 18, 17, 16, 15, 14, 13, 12, 7, 5, 4, 3, 2, 1]       si   57    53     4        3           2 / 0
     6   4  6    2  [20, 17, 16, 15, 13, 11, 9, 8, 7, 6, 5, 4, 3, 0]         si   53    47     6        4           2 / 1
     6   4  6    2  [20, 17, 16, 15, 14, 13, 12, 11, 9, 7, 5, 4, 3, 0]       si   53    47     6        4           2 / 1
     6   4  6    2  [20, 18, 17, 16, 15, 13, 8, 7, 6, 5, 4, 3, 2, 0]         si   59    55     4        3           2 / 0
     6   4  6    2  [20, 18, 17, 16, 15, 14, 13, 12, 7, 5, 4, 3, 2, 0]       si   59    55     4        3           2 / 0
     6   4  6    2  [20, 19, 16, 15, 13, 11, 9, 8, 7, 6, 5, 4, 1, 0]         si   57    51     6        4           2 / 1
     6   4  6    2  [20, 19, 16, 15, 14, 13, 12, 11, 9, 7, 5, 4, 1, 0]       si   57    51     6        4           2 / 1
     6   4  6    2  [20, 19, 17, 16, 15, 11, 9, 8, 6, 5, 4, 3, 1, 0]         si   59    53     6        4           2 / 1
     6   4  6    2  [20, 19, 17, 16, 15, 13, 8, 7, 6, 5, 4, 3, 1, 0]         si   61    55     6        4           3 / 0
     6   4  6    2  [20, 19, 17, 16, 15, 14, 12, 11, 9, 5, 4, 3, 1, 0]       si   59    53     6        4           2 / 1
     6   4  6    2  [20, 19, 17, 16, 15, 14, 13, 12, 7, 5, 4, 3, 1, 0]       si   61    55     6        4           3 / 0
     6   4  6    2  [20, 19, 18, 17, 16, 14, 9, 8, 7, 6, 5, 4, 3, 2]         si   57    53     4        3           2 / 0
     6   4  6    2  [20, 19, 18, 17, 16, 15, 8, 6, 5, 4, 3, 2, 1, 0]         si   65    61     4        3           2 / 0
     6   4  6    2  [20, 19, 18, 17, 16, 15, 14, 12, 5, 4, 3, 2, 1, 0]       si   65    61     4        3           2 / 0
     6   4  6    2  [20, 19, 18, 17, 16, 15, 14, 13, 8, 6, 5, 4, 3, 2]       si   57    53     4        3           2 / 0
     8   3  6    2  [20, 18, 15, 14, 13, 8, 7, 6, 5, 4, 3, 2, 1, 0]          si   42    38     4        3           2 / 0
     8   3  6    2  [20, 18, 15, 14, 13, 8, 7, 6, 5, 4, 3, 2, 1, 0]          si   42    38     4        3           2 / 0
     8   3  6    2  [20, 18, 15, 14, 13, 9, 8, 7, 6, 5, 4, 3, 2, 0]          si   42    38     4        3           2 / 0
     8   3  6    2  [20, 18, 15, 14, 13, 9, 8, 7, 6, 5, 4, 3, 2, 0]          si   42    38     4        3           2 / 0
     8   3  6    2  [20, 18, 15, 14, 13, 11, 8, 7, 6, 5, 4, 2, 1, 0]         si   42    38     4        3           2 / 0
     8   3  6    2  [20, 18, 15, 14, 13, 11, 8, 7, 6, 5, 4, 2, 1, 0]         si   42    38     4        3           2 / 0
     8   3  6    2  [20, 18, 15, 14, 13, 11, 9, 8, 7, 6, 5, 4, 2, 0]         si   42    38     4        3           2 / 0
     8   3  6    2  [20, 18, 15, 14, 13, 11, 9, 8, 7, 6, 5, 4, 2, 0]         si   42    38     4        3           2 / 0
     8   3  6    2  [20, 18, 16, 15, 14, 13, 12, 7, 6, 5, 3, 2, 1, 0]        si   42    38     4        3           2 / 0
     8   3  6    2  [20, 18, 16, 15, 14, 13, 12, 7, 6, 5, 3, 2, 1, 0]        si   42    38     4        3           2 / 0
     8   3  6    2  [20, 18, 16, 15, 14, 13, 12, 9, 7, 6, 5, 3, 2, 0]        si   42    38     4        3           2 / 0
     8   3  6    2  [20, 18, 16, 15, 14, 13, 12, 9, 7, 6, 5, 3, 2, 0]        si   42    38     4        3           2 / 0
     8   3  6    2  [20, 18, 16, 15, 14, 13, 12, 11, 7, 6, 5, 2, 1, 0]       si   42    38     4        3           2 / 0
     8   3  6    2  [20, 18, 16, 15, 14, 13, 12, 11, 7, 6, 5, 2, 1, 0]       si   42    38     4        3           2 / 0
     8   3  6    2  [20, 18, 16, 15, 14, 13, 12, 11, 9, 7, 6, 5, 2, 0]       si   42    38     4        3           2 / 0
     8   3  6    2  [20, 18, 16, 15, 14, 13, 12, 11, 9, 7, 6, 5, 2, 0]       si   42    38     4        3           2 / 0
     8   3  6    2  [20, 18, 17, 15, 14, 13, 8, 7, 6, 5, 4, 3, 2, 0]         si   42    38     4        3           2 / 0
     8   3  6    2  [20, 18, 17, 15, 14, 13, 8, 7, 6, 5, 4, 3, 2, 0]         si   42    38     4        3           2 / 0
     8   3  6    2  [20, 18, 17, 15, 14, 13, 11, 8, 7, 6, 5, 4, 2, 0]        si   42    38     4        3           2 / 0
     8   3  6    2  [20, 18, 17, 15, 14, 13, 11, 8, 7, 6, 5, 4, 2, 0]        si   42    38     4        3           2 / 0
     8   3  6    2  [20, 18, 17, 16, 15, 14, 13, 12, 7, 6, 5, 3, 2, 0]       si   42    38     4        3           2 / 0
     8   3  6    2  [20, 18, 17, 16, 15, 14, 13, 12, 7, 6, 5, 3, 2, 0]       si   42    38     4        3           2 / 0
     8   3  6    2  [20, 18, 17, 16, 15, 14, 13, 12, 11, 7, 6, 5, 2, 0]      si   42    38     4        3           2 / 0
     8   3  6    2  [20, 18, 17, 16, 15, 14, 13, 12, 11, 7, 6, 5, 2, 0]      si   42    38     4        3           2 / 0
     8   3  6    2  [20, 19, 18, 15, 14, 13, 8, 7, 6, 5, 4, 2, 1, 0]         si   42    38     4        3           2 / 0
     8   3  6    2  [20, 19, 18, 15, 14, 13, 8, 7, 6, 5, 4, 2, 1, 0]         si   42    38     4        3           2 / 0
     8   3  6    2  [20, 19, 18, 15, 14, 13, 9, 8, 7, 6, 5, 4, 2, 0]         si   42    38     4        3           2 / 0
     8   3  6    2  [20, 19, 18, 15, 14, 13, 9, 8, 7, 6, 5, 4, 2, 0]         si   42    38     4        3           2 / 0
     8   3  6    2  [20, 19, 18, 16, 15, 14, 13, 12, 7, 6, 5, 2, 1, 0]       si   42    38     4        3           2 / 0
     8   3  6    2  [20, 19, 18, 16, 15, 14, 13, 12, 7, 6, 5, 2, 1, 0]       si   42    38     4        3           2 / 0
     8   3  6    2  [20, 19, 18, 16, 15, 14, 13, 12, 9, 7, 6, 5, 2, 0]       si   42    38     4        3           2 / 0
     8   3  6    2  [20, 19, 18, 16, 15, 14, 13, 12, 9, 7, 6, 5, 2, 0]       si   42    38     4        3           2 / 0
     8   3  6    2  [20, 19, 18, 17, 14, 8, 7, 6, 5, 4, 3, 2, 1, 0]          si   50    46     4        3           2 / 0
     8   3  6    2  [20, 19, 18, 17, 14, 8, 7, 6, 5, 4, 3, 2, 1, 0]          si   50    46     4        3           2 / 0
     8   3  6    2  [20, 19, 18, 17, 14, 13, 8, 7, 6, 4, 3, 2, 1, 0]         si   50    46     4        3           2 / 0
     8   3  6    2  [20, 19, 18, 17, 14, 13, 8, 7, 6, 4, 3, 2, 1, 0]         si   50    46     4        3           2 / 0
     8   3  6    2  [20, 19, 18, 17, 15, 14, 8, 6, 5, 4, 3, 2, 1, 0]         si   50    46     4        3           2 / 0
     8   3  6    2  [20, 19, 18, 17, 15, 14, 8, 6, 5, 4, 3, 2, 1, 0]         si   50    46     4        3           2 / 0
     8   3  6    2  [20, 19, 18, 17, 15, 14, 13, 8, 6, 4, 3, 2, 1, 0]        si   50    46     4        3           2 / 0
     8   3  6    2  [20, 19, 18, 17, 15, 14, 13, 8, 6, 4, 3, 2, 1, 0]        si   50    46     4        3           2 / 0
     8   3  6    2  [20, 19, 18, 17, 15, 14, 13, 8, 7, 6, 5, 4, 2, 0]        si   42    38     4        3           2 / 0
     8   3  6    2  [20, 19, 18, 17, 15, 14, 13, 8, 7, 6, 5, 4, 2, 0]        si   42    38     4        3           2 / 0
     8   3  6    2  [20, 19, 18, 17, 16, 14, 12, 7, 6, 5, 3, 2, 1, 0]        si   50    46     4        3           2 / 0
     8   3  6    2  [20, 19, 18, 17, 16, 14, 12, 7, 6, 5, 3, 2, 1, 0]        si   50    46     4        3           2 / 0
     8   3  6    2  [20, 19, 18, 17, 16, 14, 13, 12, 7, 6, 3, 2, 1, 0]       si   50    46     4        3           2 / 0
     8   3  6    2  [20, 19, 18, 17, 16, 14, 13, 12, 7, 6, 3, 2, 1, 0]       si   50    46     4        3           2 / 0
     8   3  6    2  [20, 19, 18, 17, 16, 15, 14, 12, 6, 5, 3, 2, 1, 0]       si   50    46     4        3           2 / 0
     8   3  6    2  [20, 19, 18, 17, 16, 15, 14, 12, 6, 5, 3, 2, 1, 0]       si   50    46     4        3           2 / 0
     8   3  6    2  [20, 19, 18, 17, 16, 15, 14, 13, 12, 6, 3, 2, 1, 0]      si   50    46     4        3           2 / 0
     8   3  6    2  [20, 19, 18, 17, 16, 15, 14, 13, 12, 6, 3, 2, 1, 0]      si   50    46     4        3           2 / 0
     8   3  6    2  [20, 19, 18, 17, 16, 15, 14, 13, 12, 7, 6, 5, 2, 0]      si   42    38     4        3           2 / 0
     8   3  6    2  [20, 19, 18, 17, 16, 15, 14, 13, 12, 7, 6, 5, 2, 0]      si   42    38     4        3           2 / 0
     8   3  6    2  [21, 19, 16, 15, 14, 9, 8, 7, 6, 5, 4, 3, 2, 1]          si   42    38     4        3           2 / 0
     8   3  6    2  [21, 19, 16, 15, 14, 10, 9, 8, 7, 6, 5, 4, 3, 1]         si   42    38     4        3           2 / 0
     8   3  6    2  [21, 19, 16, 15, 14, 12, 9, 8, 7, 6, 5, 3, 2, 1]         si   42    38     4        3           2 / 0
     8   3  6    2  [21, 19, 16, 15, 14, 12, 10, 9, 8, 7, 6, 5, 3, 1]        si   42    38     4        3           2 / 0
     8   3  6    2  [21, 19, 17, 16, 15, 14, 13, 8, 7, 6, 4, 3, 2, 1]        si   42    38     4        3           2 / 0
     8   3  6    2  [21, 19, 17, 16, 15, 14, 13, 10, 8, 7, 6, 4, 3, 1]       si   42    38     4        3           2 / 0
     8   3  6    2  [21, 19, 17, 16, 15, 14, 13, 12, 8, 7, 6, 3, 2, 1]       si   42    38     4        3           2 / 0
     8   3  6    2  [21, 19, 17, 16, 15, 14, 13, 12, 10, 8, 7, 6, 3, 1]      si   42    38     4        3           2 / 0
     8   3  6    2  [21, 19, 18, 16, 15, 14, 9, 8, 7, 6, 5, 4, 3, 1]         si   42    38     4        3           2 / 0
     8   3  6    2  [21, 19, 18, 16, 15, 14, 12, 9, 8, 7, 6, 5, 3, 1]        si   42    38     4        3           2 / 0
     8   3  6    2  [21, 19, 18, 17, 16, 15, 14, 13, 8, 7, 6, 4, 3, 1]       si   42    38     4        3           2 / 0
     8   3  6    2  [21, 19, 18, 17, 16, 15, 14, 13, 12, 8, 7, 6, 3, 1]      si   42    38     4        3           2 / 0
     8   3  6    2  [21, 20, 19, 16, 15, 14, 9, 8, 7, 6, 5, 3, 2, 1]         si   42    38     4        3           2 / 0
     8   3  6    2  [21, 20, 19, 16, 15, 14, 10, 9, 8, 7, 6, 5, 3, 1]        si   42    38     4        3           2 / 0
     8   3  6    2  [21, 20, 19, 17, 16, 15, 14, 13, 8, 7, 6, 3, 2, 1]       si   42    38     4        3           2 / 0
     8   3  6    2  [21, 20, 19, 17, 16, 15, 14, 13, 10, 8, 7, 6, 3, 1]      si   42    38     4        3           2 / 0
     8   3  6    2  [21, 20, 19, 18, 15, 9, 7, 6, 5, 4, 3, 2, 1, 0]          si   50    46     4        3           2 / 0
     8   3  6    2  [21, 20, 19, 18, 15, 9, 8, 7, 6, 5, 4, 3, 2, 1]          si   50    46     4        3           2 / 0
     8   3  6    2  [21, 20, 19, 18, 15, 14, 9, 7, 5, 4, 3, 2, 1, 0]         si   50    46     4        3           2 / 0
     8   3  6    2  [21, 20, 19, 18, 15, 14, 9, 8, 7, 5, 4, 3, 2, 1]         si   50    46     4        3           2 / 0
     8   3  6    2  [21, 20, 19, 18, 16, 15, 9, 7, 6, 5, 4, 3, 2, 1]         si   50    46     4        3           2 / 0
     8   3  6    2  [21, 20, 19, 18, 16, 15, 14, 9, 7, 5, 4, 3, 2, 1]        si   50    46     4        3           2 / 0
     8   3  6    2  [21, 20, 19, 18, 16, 15, 14, 9, 8, 7, 6, 5, 3, 1]        si   42    38     4        3           2 / 0
     8   3  6    2  [21, 20, 19, 18, 17, 14, 8, 7, 6, 4, 3, 2, 1, 0]         si   50    46     4        3           2 / 0
     8   3  6    2  [21, 20, 19, 18, 17, 15, 13, 7, 6, 4, 3, 2, 1, 0]        si   50    46     4        3           2 / 0
     8   3  6    2  [21, 20, 19, 18, 17, 15, 13, 8, 7, 6, 4, 3, 2, 1]        si   50    46     4        3           2 / 0
     8   3  6    2  [21, 20, 19, 18, 17, 15, 14, 8, 6, 4, 3, 2, 1, 0]        si   50    46     4        3           2 / 0
     8   3  6    2  [21, 20, 19, 18, 17, 15, 14, 13, 7, 4, 3, 2, 1, 0]       si   50    46     4        3           2 / 0
     8   3  6    2  [21, 20, 19, 18, 17, 15, 14, 13, 8, 7, 4, 3, 2, 1]       si   50    46     4        3           2 / 0
     8   3  6    2  [21, 20, 19, 18, 17, 16, 14, 12, 7, 6, 3, 2, 1, 0]       si   50    46     4        3           2 / 0
     8   3  6    2  [21, 20, 19, 18, 17, 16, 15, 13, 7, 6, 4, 3, 2, 1]       si   50    46     4        3           2 / 0
     8   3  6    2  [21, 20, 19, 18, 17, 16, 15, 14, 12, 6, 3, 2, 1, 0]      si   50    46     4        3           2 / 0
     8   3  6    2  [21, 20, 19, 18, 17, 16, 15, 14, 13, 7, 4, 3, 2, 1]      si   50    46     4        3           2 / 0
     8   3  6    2  [21, 20, 19, 18, 17, 16, 15, 14, 13, 8, 7, 6, 3, 1]      si   42    38     4        3           2 / 0

  los 124 supervivientes medidos en 0.3 s
  archivados en depth_histogram_SURV.json

============================================================================================================
N2  EL HISTOGRAMA DE PROFUNDIDADES  (la deuda declarada)
============================================================================================================

     profundidad D1 - (primer grado no nulo)   |   estrato no nulo (1 = el de arriba)
  ----------------------------------------------------------------------------------------
      4 :  108 formas  ############################## |   #3
      6 :   16 formas  ################               |   #4

  parity check: supervivientes con profundidad IMPAR (los grados deberian ir de 2 en 2): 0

  los estratos VACIOS por encima del primero no nulo, separados por causa:
     (un grado sin ni un monomio NO se puede probar no nulo -- para una cota por estratos
      no es lo mismo que uno donde hay cancelacion)
     vacios POR CANCELACION:      {2: 122, 3: 2}
     vacios SIN SOPORTE:          {0: 110, 1: 14}

  por configuracion:
     t   r | prof  4  prof  6
  ----------------------------------------------------------------------------------------
     4   2 |       0        8
     6   3 |      12        0
     6   4 |      10        8
     8   3 |      86        0

============================================================================================================
N3-N5  lo que el guion interrumpido no llego a decir
============================================================================================================

  N3  Delta = 0 pero POLINOMIO no nulo (no serian supervivientes): 0 de 124
  N4  supervivientes con Phi_t == 0 (contraejemplo a la necesidad de (i)): 0

  N5  VEREDICTO -- hasta donde baja
      profundidad maxima observada : 6   (el enunciado de la noche del 12 decia <= 4)
      estrato no nulo mas profundo : 4   (el enunciado decia: alguno de los TRES primeros)
      formas por debajo del tercer estrato : 16 de 124 (13%)

      'Phi_t != 0 => alguno de los TRES PRIMEROS estratos es no nulo' ES FALSO en esta
      poblacion, y el menor K que la aguanta ENTERA es K = 4.  Pero K se ha movido con
      el rango en cada re-medida (4 artefactos de rango en dos dias), asi que K = 4 es
      una COTA OBSERVADA A ESTE M, no un enunciado.

  N6  EL MISMO HISTOGRAMA CONTANDO SOLO ESTRATOS POBLADOS
      El convenio de arriba (el de depth.py y el de los enunciados) cuenta D1, D1-2, D1-4...
      se cuenten o no.  Pero un grado SIN NI UN MONOMIO no es un estrato de Phi_t que se
      cancele: no existe.  Contando solo los grados con soporte, el estrato no nulo es:
        estrato poblado #3 :  122 formas  ##############################
        estrato poblado #4 :    2 formas  ##

      EL ENUNCIADO CAE EN LOS DOS CONVENIOS, pero no con la misma poblacion:
        en grados            : 16 de 124 formas por debajo del tercer estrato
        en estratos poblados : 2 de 124
      Las 2 formas que lo rompen en el convenio ESTRICTO -- las mas profundas que tenemos:
        t=6 r=4 beta=[20, 19, 17, 16, 15, 13, 8, 7, 6, 5, 4, 3, 1, 0]  D1=61 prof=6
        t=6 r=4 beta=[20, 19, 17, 16, 15, 14, 13, 12, 7, 5, 4, 3, 1, 0]  D1=61 prof=6

      Y la anatomia de la profundidad 6: de las 16 formas, 14 tienen uno de los tres estratos
      vacio PORQUE NO TIENE NI UN MONOMIO -- no porque se cancele -- y esta a altura D1-2.
      Solo las 2 restantes cancelan de verdad los tres pisos.

DONE
