==============================================================================================================================
DENTRO DE UN SOLO CORE  --  t=6  r=2  W=13,  491 formas ocupadas, 12 nulas
==============================================================================================================================

------------------------------------------------------------------------------------------------------------------------------
CORE = (1, 1, 1)     n = 12   (6 nulas / 6 no nulas)
------------------------------------------------------------------------------------------------------------------------------
  nula | beta                             | lambda                    | tam clases | quotient (componente a componente)
   SI  | (12, 10, 9, 8, 5, 4, 3, 2, 1, 0) | (3, 2, 2, 2)              | (2, 1, 2, 2, 2, 1) | (1,)  -  -  -  -  -
   SI  | (12, 10, 9, 8, 7, 5, 4, 3, 2, 0) | (3, 2, 2, 2, 2, 1, 1, 1, 1) | (2, 1, 2, 2, 2, 1) | (1,)  (1,)  -  -  -  -
   SI  | (12, 11, 10, 9, 8, 4, 3, 2, 1, 0) | (3, 3, 3, 3, 3)           | (2, 1, 2, 2, 2, 1) | (1,)  -  -  -  -  (1,)
   SI  | (12, 11, 10, 9, 8, 7, 4, 3, 2, 0) | (3, 3, 3, 3, 3, 3, 1, 1, 1) | (2, 1, 2, 2, 2, 1) | (1,)  (1,)  -  -  -  (1,)
   SI  | (13, 12, 10, 9, 8, 5, 4, 3, 2, 0) | (4, 4, 3, 3, 3, 1, 1, 1, 1) | (2, 1, 2, 2, 2, 1) | (1,)  (2,)  -  -  -  -
   SI  | (13, 12, 11, 10, 9, 8, 4, 3, 2, 0) | (4, 4, 4, 4, 4, 4, 1, 1, 1) | (2, 1, 2, 2, 2, 1) | (1,)  (2,)  -  -  -  (1,)
   no  | (10, 9, 8, 6, 5, 4, 3, 2, 1, 0)  | (1, 1, 1)                 | (2, 1, 2, 2, 2, 1) | -  -  -  -  -  -
   no  | (10, 9, 8, 7, 6, 5, 4, 3, 2, 0)  | (1, 1, 1, 1, 1, 1, 1, 1, 1) | (2, 1, 2, 2, 2, 1) | -  (1,)  -  -  -  -
   no  | (11, 10, 9, 8, 6, 4, 3, 2, 1, 0) | (2, 2, 2, 2, 1)           | (2, 1, 2, 2, 2, 1) | -  -  -  -  -  (1,)
   no  | (11, 10, 9, 8, 7, 6, 4, 3, 2, 0) | (2, 2, 2, 2, 2, 2, 1, 1, 1) | (2, 1, 2, 2, 2, 1) | -  (1,)  -  -  -  (1,)
   no  | (13, 10, 9, 8, 6, 5, 4, 3, 2, 0) | (4, 2, 2, 2, 1, 1, 1, 1, 1) | (2, 1, 2, 2, 2, 1) | -  (2,)  -  -  -  -
   no  | (13, 11, 10, 9, 8, 6, 4, 3, 2, 0) | (4, 3, 3, 3, 3, 2, 1, 1, 1) | (2, 1, 2, 2, 2, 1) | -  (2,)  -  -  -  (1,)

  agregado                 | nulas                               | no nulas
  |quot| total             | [1, 2, 2, 3, 3, 4]                  | [0, 1, 1, 2, 2, 3]
  componentes no vacias    | [1, 2, 2, 2, 3, 3]                  | [0, 1, 1, 1, 2, 2]
  quot mas largo           | [1, 1, 1, 1, 1, 1]                  | [0, 1, 1, 1, 1, 1]
  posiciones ocupadas      | [(0,), (0, 1), (0, 1), (0, 1, 5), ( | [(), (1,), (1,), (1, 5), (1, 5), (5,)]

------------------------------------------------------------------------------------------------------------------------------
CORE = (2, 1)     n = 24   (4 nulas / 20 no nulas)
------------------------------------------------------------------------------------------------------------------------------
  nula | beta                             | lambda                    | tam clases | quotient (componente a componente)
   SI  | (12, 11, 9, 7, 5, 4, 3, 2, 1, 0) | (3, 3, 2, 1)              | (2, 2, 1, 2, 1, 2) | (1,)  -  -  -  -  -
   SI  | (12, 11, 9, 8, 7, 5, 4, 3, 1, 0) | (3, 3, 2, 2, 2, 1, 1, 1)  | (2, 2, 1, 2, 1, 2) | (1,)  -  (1,)  -  -  -
   SI  | (12, 11, 10, 9, 7, 5, 3, 2, 1, 0) | (3, 3, 3, 3, 2, 1)        | (2, 2, 1, 2, 1, 2) | (1,)  -  -  -  (1,)  -
   SI  | (12, 11, 10, 9, 8, 7, 5, 3, 1, 0) | (3, 3, 3, 3, 3, 3, 2, 1)  | (2, 2, 1, 2, 1, 2) | (1,)  -  (1,)  -  (1,)  -
   no  | (11, 9, 7, 6, 5, 4, 3, 2, 1, 0)  | (2, 1)                    | (2, 2, 1, 2, 1, 2) | -  -  -  -  -  -
   no  | (11, 9, 8, 7, 6, 5, 4, 3, 1, 0)  | (2, 1, 1, 1, 1, 1, 1, 1)  | (2, 2, 1, 2, 1, 2) | -  -  (1,)  -  -  -
   no  | (11, 10, 9, 7, 6, 5, 3, 2, 1, 0) | (2, 2, 2, 1, 1, 1)        | (2, 2, 1, 2, 1, 2) | -  -  -  -  (1,)  -
   no  | (11, 10, 9, 8, 7, 6, 5, 3, 1, 0) | (2, 2, 2, 2, 2, 2, 2, 1)  | (2, 2, 1, 2, 1, 2) | -  -  (1,)  -  (1,)  -
   no  | (13, 11, 9, 6, 5, 4, 3, 2, 1, 0) | (4, 3, 2)                 | (2, 2, 1, 2, 1, 2) | -  (1,)  -  -  -  -
   no  | (13, 11, 9, 7, 6, 5, 4, 3, 2, 0) | (4, 3, 2, 1, 1, 1, 1, 1, 1) | (2, 2, 1, 2, 1, 2) | -  (1, 1)  -  -  -  -
   no  | (13, 11, 9, 8, 6, 5, 4, 3, 1, 0) | (4, 3, 2, 2, 1, 1, 1, 1)  | (2, 2, 1, 2, 1, 2) | -  (1,)  (1,)  -  -  -
   no  | (13, 11, 9, 8, 7, 6, 5, 4, 3, 0) | (4, 3, 2, 2, 2, 2, 2, 2, 2) | (2, 2, 1, 2, 1, 2) | -  (1, 1)  (1,)  -  -  -
   no  | (13, 11, 10, 9, 6, 5, 3, 2, 1, 0) | (4, 3, 3, 3, 1, 1)        | (2, 2, 1, 2, 1, 2) | -  (1,)  -  -  (1,)  -
   no  | (13, 11, 10, 9, 7, 6, 5, 3, 2, 0) | (4, 3, 3, 3, 2, 2, 2, 1, 1) | (2, 2, 1, 2, 1, 2) | -  (1, 1)  -  -  (1,)  -
   no  | (13, 11, 10, 9, 8, 6, 5, 3, 1, 0) | (4, 3, 3, 3, 3, 2, 2, 1)  | (2, 2, 1, 2, 1, 2) | -  (1,)  (1,)  -  (1,)  -
   no  | (13, 11, 10, 9, 8, 7, 6, 5, 3, 0) | (4, 3, 3, 3, 3, 3, 3, 3, 2) | (2, 2, 1, 2, 1, 2) | -  (1, 1)  (1,)  -  (1,)  -
   no  | (13, 12, 11, 9, 5, 4, 3, 2, 1, 0) | (4, 4, 4, 3)              | (2, 2, 1, 2, 1, 2) | (1,)  (1,)  -  -  -  -
   no  | (13, 12, 11, 9, 7, 5, 4, 3, 2, 0) | (4, 4, 4, 3, 2, 1, 1, 1, 1) | (2, 2, 1, 2, 1, 2) | (1,)  (1, 1)  -  -  -  -
   no  | (13, 12, 11, 9, 8, 5, 4, 3, 1, 0) | (4, 4, 4, 3, 3, 1, 1, 1)  | (2, 2, 1, 2, 1, 2) | (1,)  (1,)  (1,)  -  -  -
   no  | (13, 12, 11, 9, 8, 7, 5, 4, 3, 0) | (4, 4, 4, 3, 3, 3, 2, 2, 2) | (2, 2, 1, 2, 1, 2) | (1,)  (1, 1)  (1,)  -  -  -
   no  | (13, 12, 11, 10, 9, 5, 3, 2, 1, 0) | (4, 4, 4, 4, 4, 1)        | (2, 2, 1, 2, 1, 2) | (1,)  (1,)  -  -  (1,)  -
   no  | (13, 12, 11, 10, 9, 7, 5, 3, 2, 0) | (4, 4, 4, 4, 4, 3, 2, 1, 1) | (2, 2, 1, 2, 1, 2) | (1,)  (1, 1)  -  -  (1,)  -
   no  | (13, 12, 11, 10, 9, 8, 5, 3, 1, 0) | (4, 4, 4, 4, 4, 4, 2, 1)  | (2, 2, 1, 2, 1, 2) | (1,)  (1,)  (1,)  -  (1,)  -
   no  | (13, 12, 11, 10, 9, 8, 7, 5, 3, 0) | (4, 4, 4, 4, 4, 4, 4, 3, 2) | (2, 2, 1, 2, 1, 2) | (1,)  (1, 1)  (1,)  -  (1,)  -

  agregado                 | nulas                               | no nulas
  |quot| total             | [1, 2, 2, 3]                        | [0, 1, 1, 1, 2, 2, 2, 2, 2, 3, 3, 3, 3, 3, 3, 4, 4, 4, 4, 5]
  componentes no vacias    | [1, 2, 2, 3]                        | [0, 1, 1, 1, 1, 2, 2, 2, 2, 2, 2, 2, 3, 3, 3, 3, 3, 3, 4, 4]
  quot mas largo           | [1, 1, 1, 1]                        | [0, 1, 1, 1, 1, 1, 1, 1, 1, 1, 1, 1, 2, 2, 2, 2, 2, 2, 2, 2]
  posiciones ocupadas      | [(0,), (0, 2), (0, 2, 4), (0, 4)]   | [(), (0, 1), (0, 1), (0, 1, 2), (0, 1, 2), (0, 1, 2, 4), (0,

------------------------------------------------------------------------------------------------------------------------------
CORE = (2, 2, 2, 1)     n = 6   (2 nulas / 4 no nulas)
------------------------------------------------------------------------------------------------------------------------------
  nula | beta                             | lambda                    | tam clases | quotient (componente a componente)
   SI  | (13, 11, 10, 9, 5, 4, 3, 2, 1, 0) | (4, 3, 3, 3)              | (1, 2, 1, 2, 2, 2) | -  (1,)  -  -  -  -
   SI  | (13, 11, 10, 9, 8, 5, 4, 3, 1, 0) | (4, 3, 3, 3, 3, 1, 1, 1)  | (1, 2, 1, 2, 2, 2) | -  (1,)  (1,)  -  -  -
   no  | (11, 10, 9, 7, 5, 4, 3, 2, 1, 0) | (2, 2, 2, 1)              | (1, 2, 1, 2, 2, 2) | -  -  -  -  -  -
   no  | (11, 10, 9, 8, 7, 5, 4, 3, 1, 0) | (2, 2, 2, 2, 2, 1, 1, 1)  | (1, 2, 1, 2, 2, 2) | -  -  (1,)  -  -  -
   no  | (13, 11, 10, 9, 7, 5, 4, 3, 2, 0) | (4, 3, 3, 3, 2, 1, 1, 1, 1) | (1, 2, 1, 2, 2, 2) | -  (1, 1)  -  -  -  -
   no  | (13, 11, 10, 9, 8, 7, 5, 4, 3, 0) | (4, 3, 3, 3, 3, 3, 2, 2, 2) | (1, 2, 1, 2, 2, 2) | -  (1, 1)  (1,)  -  -  -

  agregado                 | nulas                               | no nulas
  |quot| total             | [1, 2]                              | [0, 1, 2, 3]
  componentes no vacias    | [1, 2]                              | [0, 1, 1, 2]
  quot mas largo           | [1, 1]                              | [0, 1, 2, 2]
  posiciones ocupadas      | [(1,), (1, 2)]                      | [(), (1,), (1, 2), (2,)]

==============================================================================================================================
C1  CUALQUIER separador tiene que probarse sobre las 491 ocupadas, no sobre el estrato.
==============================================================================================================================

  regla sobre el quotient          | cubre nulas | falsos + sobre las 479 no nulas
  ----------------------------------------------------------------------------------------------------
  suma del quotient impar          |     6/12    | 239 
  una sola componente no vacia     |     3/12    | 133 
  dos componentes no vacias        |     6/12    | 178 
  componente 0 no vacia            |    10/12    | 118 
  quotient con parte >= 2          |     2/12    | 39 

  volcado en quotient_split_DUMP.json
==============================================================================================================================
DONE
