============================================================================================================
LA LEY DEL PESO MAXIMO -- poblacion critica, las dos columnas
============================================================================================================

  g_com SIMETRICO                n = 100
     con algun peso (Phi != 0) : 64 de 100
     SE ANULAN                 : 36
     mu_max UNICO              : 64 de 64
     |A(mu_max)| == 1          : 64 de 64
     restos no nulos (C2)      : 0   ok

  g_com ASIMETRICO  [conj 8.44: debe NO anularse] n = 332
     con algun peso (Phi != 0) : 332 de 332
     SE ANULAN                 : 0
     mu_max UNICO              : 332 de 332
     |A(mu_max)| == 1          : 332 de 332
     restos no nulos (C2)      : 0   ok

============================================================================================================
N3  LA LEY -- mu_max contra los invariantes de g_com.  Tabla cruda, sin ajustar
============================================================================================================

   beta                        |  C | g_com      | reflejos que faltan | mu_max   | A
   (9, 8, 7, 4, 3, 2, 1, 0)    |  9 | [4]        | [5]                 | (2, 0)   | 1
   (10, 9, 7, 4, 3, 2, 1, 0)   | 10 | [2, 4]     | [6, 8]              | (2, 0)   | 1
   (11, 9, 7, 4, 3, 2, 1, 0)   | 11 | [4]        | [7]                 | (3, 2)   | 1
   (12, 9, 7, 4, 3, 2, 1, 0)   | 12 | [4]        | [8]                 | (4, 2)   | 1
   (13, 9, 7, 4, 3, 2, 1, 0)   | 13 | [4]        | [9]                 | (5, 2)   | 1
   (14, 9, 7, 4, 3, 2, 1, 0)   | 14 | [2, 4]     | [10, 12]            | (6, 2)   | 1
   (15, 9, 7, 4, 3, 2, 1, 0)   | 15 | [4]        | [11]                | (7, 2)   | 1
   (11, 10, 8, 4, 3, 2, 1, 0)  | 11 | [3]        | [8]                 | (3, 2)   | -1
   (13, 10, 8, 4, 3, 2, 1, 0)  | 13 | [1]        | [12]                | (4, 3)   | 1
   (15, 10, 8, 4, 3, 2, 1, 0)  | 15 | [3]        | [12]                | (6, 3)   | 1
   (13, 12, 11, 4, 3, 2, 1, 0) | 13 | [4]        | [9]                 | (6, 4)   | 1
   (14, 13, 11, 4, 3, 2, 1, 0) | 14 | [2, 4]     | [10, 12]            | (6, 4)   | 1
   (15, 13, 11, 4, 3, 2, 1, 0) | 15 | [4]        | [11]                | (7, 6)   | 1
   (15, 14, 12, 4, 3, 2, 1, 0) | 15 | [3]        | [12]                | (7, 6)   | -1
   (9, 8, 6, 5, 3, 2, 1, 0)    |  9 | [5]        | [4]                 | (2, 0)   | 1
   (11, 8, 6, 5, 3, 2, 1, 0)   | 11 | [3, 5]     | [6, 8]              | (4, 0)   | 1
   (12, 8, 6, 5, 3, 2, 1, 0)   | 12 | [5]        | [7]                 | (5, 0)   | 1
   (13, 8, 6, 5, 3, 2, 1, 0)   | 13 | [5]        | [8]                 | (6, 0)   | 1
   (14, 8, 6, 5, 3, 2, 1, 0)   | 14 | [5]        | [9]                 | (7, 0)   | 1
   (15, 8, 6, 5, 3, 2, 1, 0)   | 15 | [3, 5]     | [10, 12]            | (8, 0)   | 1
   (12, 10, 9, 5, 3, 2, 1, 0)  | 12 | [5]        | [7]                 | (4, 2)   | -1
   (14, 11, 9, 5, 3, 2, 1, 0)  | 15 | [2]        | [13]                | (4, 3)   | 1

============================================================================================================
N4  VOLCADO CRUDO para ajuste externo (beta ; lambda ; S ; C ; g_com ; mu_max ; A)
============================================================================================================
   332 filas volcadas a sp_law_DUMP.json

============================================================================================================
