====================================================================================================
K1  the factorised top-degree part against the full expansion
====================================================================================================

     t   r  shapes  deg bad  part bad  sec bad   Dmax ex.   monomials in [Phi]_top
  ------------------------------------------------------------------------------------------------
     4   1      25        0         0        0           5          1
     4   2      25        0         0        0          12          3
     4   3      25        0         0        0          21         19
     6   2      25        0         0        0          16          3
     6   3      25        0         0        0          27         19
     8   2      25        0         0        0          20          3

  K1 PASS: Dmax really is the top degree, and the two-alternant factorisation reproduces
  the degree-Dmax slice of the full expansion monomial for monomial.

====================================================================================================
H3  criterion FAILS => [Phi_t]_top != 0 ?      (K2: criterion HOLDS => [Phi_t]_top = 0)
====================================================================================================

     t   r  |lam|<=  shapes   crit holds  K2 bad | crit fails  top != 0   H3 EXCEPTIONS
  ------------------------------------------------------------------------------------------------
     4   1       30    4664          141       0 |       4523      4523               0
     4   2       24    4295           30       0 |       4265      4251              14
     4   3       18    1457            6       0 |       1451      1449               2
     6   2       18    1118            7       0 |       1111      1108               3
     6   3       14     484            2       0 |        482       481               1
     8   2       16     595            3       0 |        592       592               0

  totals: criterion holds 189 (K2 bad 0) | criterion fails 12424, top-degree part survives 12404
  K3 non-vacuity: PASS      H3 exceptions: 20

====================================================================================================
K4  the anatomy of the shapes where the LEX-LEADING monomial cancelled (H2 exceptions)
====================================================================================================

  261 such shapes.  Does the top-degree part rescue them?

     rescued by [Phi]_top (top-degree survives): 241 of 261

  breakdown by (concentric?, |E|, fixed classes in E):

     concentric   |E|   fixed-in-E   count   of which rescued
  ------------------------------------------------------------------------------------------------
     no              2            0       15                15
     no              2            2       14                14
     no              3            0      102               102
     no              3            1       37                37
     no              3            2        3                 3
     no              4            0       27                27
     no              4            1        1                 1
     no              4            2       58                39
     no              5            0        2                 2
     no              5            1        1                 1
     no              6            2        1                 0

  the H3 exceptions themselves (criterion fails AND the whole top degree cancels):

     t   r  lambda                     beta                             conc  |E|  fixed
  ------------------------------------------------------------------------------------------------
     4   2  [3, 3, 2]                  [10, 9, 7, 4, 3, 2, 1, 0]        no      4      2
     4   2  [5, 5, 5, 1]               [12, 11, 10, 5, 3, 2, 1, 0]      no      4      2
     4   2  [4, 4, 3, 1, 1, 1, 1, 1]   [11, 10, 8, 5, 4, 3, 2, 1]       no      4      2
     4   2  [3, 3, 3, 3, 3, 1]         [10, 9, 8, 7, 6, 3, 1, 0]        no      4      2
     4   2  [7, 7, 6]                  [14, 13, 11, 4, 3, 2, 1, 0]      no      4      2
     4   2  [7, 5, 4, 1, 1, 1, 1]      [14, 11, 9, 5, 4, 3, 2, 0]       no      4      2
     4   2  [7, 7, 6, 4]               [14, 13, 11, 8, 3, 2, 1, 0]      no      4      2
     4   2  [7, 7, 6, 2, 1, 1]         [14, 13, 11, 6, 4, 3, 1, 0]      no      4      2
     4   2  [7, 5, 4, 4, 2, 1, 1]      [14, 11, 9, 8, 5, 3, 2, 0]       no      4      2
     4   2  [7, 5, 4, 2, 2, 2, 2]      [14, 11, 9, 6, 5, 4, 3, 0]       no      4      2
     4   2  [6, 6, 6, 2, 1, 1, 1, 1]   [13, 12, 11, 6, 4, 3, 2, 1]      no      4      2
     4   2  [5, 5, 5, 5, 4]            [12, 11, 10, 9, 7, 2, 1, 0]      no      4      2
     4   2  [5, 5, 4, 2, 2, 2, 2, 2]   [12, 11, 9, 6, 5, 4, 3, 2]       no      4      2
     4   2  [4, 4, 4, 4, 4, 2, 1, 1]   [11, 10, 9, 8, 7, 4, 2, 1]       no      4      2
     4   3  [3, 3, 3, 2]               [12, 11, 10, 8, 5, 4, 3, 2, 1, 0] no      4      2
     4   3  [5, 5, 4, 3]               [14, 13, 11, 9, 5, 4, 3, 2, 1, 0] no      4      2
     6   2  [5, 5, 3]                  [14, 13, 10, 6, 5, 4, 3, 2, 1, 0] no      4      2
     6   2  [7, 6, 4]                  [16, 14, 11, 6, 5, 4, 3, 2, 1, 0] no      4      2
     6   2  [6, 6, 4, 1]               [15, 14, 11, 7, 5, 4, 3, 2, 1, 0] no      4      2
     6   3  [3, 3, 2, 2, 2]            [14, 13, 11, 10, 9, 6, 5, 4, 3, 2, 1, 0] no      6      2

  total H3 exceptions: 20

DONE
