============================================================================================================
S1  ¿SON OCHO?  orbitas bajo traslacion (beta+1) y complemento (M-beta)
============================================================================================================

  orbitas encontradas: 2
      {#3, #4, #7, #8}   representante: beta = [16, 14, 13, 11, 9, 7, 6, 5, 4, 3, 2, 0]   lambda = [5, 4, 4, 3, 2, 1, 1, 1, 1, 1, 1]  |lambda| = 24
      {#1, #2, #5, #6}   representante: beta = [16, 15, 14, 12, 11, 7, 5, 4, 3, 2, 1, 0]   lambda = [5, 5, 5, 4, 4, 1]  |lambda| = 24

  => la base de evidencia son 2 formas ESENCIALMENTE distintas, no 8.

  y las dos simetrias, VERIFICADAS y no supuestas (t=6, r=3, M=15, todas las formas):
      traslacion beta -> beta+1 cambia el cuadruplete : 0 de 1587
      complemento beta -> M-beta cambia el cuadruplete: 0 de 1587

============================================================================================================
S2  CROSS-VALIDACION: mi pipeline sobre el MUESTREO VIEJO (|lambda| <= MAX)
     bottom_stratum.sage midio 0 excepciones en 10 289 formas.  Tengo que reproducirlo.
============================================================================================================

     t   r  |lam|<= | formas | criterio falla | top=0  bot=0 | EXCEPCIONES
  ------------------------------------------------------------------------------------------------
     2   2       22 |   2227 |           2195 |     0     83 |           0
     2   3       16 |    795 |            789 |     0     37 |           0
     4   2       24 |   4295 |           4265 |    14    359 |           0
     4   3       16 |    861 |            855 |     1    153 |           0
     6   2       18 |   1118 |           1111 |     3    147 |           0
     6   3       14 |    484 |            482 |     1    100 |           0
     8   2       16 |    595 |            592 |     0     82 |           0

  TOTAL 10375 formas, 10289 con el criterio falso, EXCEPCIONES: 0
  (bottom_stratum.sage: 10 289 formas con el criterio falso, 0 excepciones)

============================================================================================================
S3  ¿DONDE ESTA EL PRIMERO POR |lambda|?   t = 6, r = 3, barrido creciente
============================================================================================================

  |lambda| = 24 :   1207 formas, 2 EXCEPCIONES

  PRIMERA: |lambda| = 24, lambda = [5, 5, 5, 4, 4, 1], beta = [16, 15, 14, 12, 11, 7, 5, 4, 3, 2, 1, 0]
  el barrido viejo llegaba a |lambda| <= 14, o sea le faltaban 10 tallas.

============================================================================================================
S4  ¿SPORADICOS O SISTEMATICOS?   subir M y ver si la poblacion crece
============================================================================================================

     t   r    M | formas | criterio falla | EXCEPCIONES | e=t entre ellas
  ------------------------------------------------------------------------------------------------
     6   3   15 |   1587 |           1567 |           0 | 0
     6   3   16 |   5283 |           5236 |           4 | 4
     6   3   17 |  15849 |          15769 |           8 | 8
     6   3   18 |  40968 |          40774 |          16 | 16
     6   3   19 |  98229 |          97891 |          24 | 24
     4   3   17 |  41185 |          41025 |           4 | 4
     4   2   19 | 100500 |          99828 |          20 | 20
     8   3   19 |  24762 |          24600 |           0 | 0

DONE
============================================================================================================
P1-P5  la profundidad de TODOS los contraejemplos, con la expansion entera
============================================================================================================

     t   r    M  beta                                        |lam|  e  t  Dmax  prof.arriba  prof.abajo
  --------------------------------------------------------------------------------------------------------
     4   2   19  [16, 15, 14, 7, 5, 2, 1, 0]                   32  4  4    28            4           2  <- nueva
     4   2   19  [16, 15, 14, 11, 9, 2, 1, 0]                  40  4  4    28            4           2
     4   2   19  [16, 14, 13, 7, 5, 3, 2, 0]                   32  4  4    24            2           2  <- nueva
     4   2   19  [16, 14, 13, 11, 9, 3, 2, 0]                  40  4  4    24            2           2
     4   2   19  [18, 13, 11, 7, 5, 4, 2, 0]                   32  4  4    24            2           2  <- nueva
     4   2   19  [18, 16, 14, 13, 11, 7, 5, 0]                 56  4  4    24            2           2
     4   2   19  [17, 16, 15, 8, 6, 3, 2, 1]                   40  4  4    28            4           2
     4   2   19  [17, 16, 15, 12, 10, 3, 2, 1]                 48  4  4    28            4           2
     4   2   19  [17, 15, 14, 8, 6, 4, 3, 1]                   40  4  4    24            2           2
     4   2   19  [17, 15, 14, 12, 10, 4, 3, 1]                 48  4  4    24            2           2
     4   2   19  [19, 14, 12, 8, 6, 5, 3, 1]                   40  4  4    24            2           2
     4   2   19  [19, 17, 15, 14, 12, 8, 6, 1]                 64  4  4    24            2           2
     4   2   19  [18, 17, 16, 9, 7, 4, 3, 2]                   48  4  4    28            4           2
     4   2   19  [18, 17, 16, 13, 11, 4, 3, 2]                 56  4  4    28            4           2
     4   2   19  [18, 16, 15, 9, 7, 5, 4, 2]                   48  4  4    24            2           2
     4   2   19  [18, 16, 15, 13, 11, 5, 4, 2]                 56  4  4    24            2           2
     4   2   19  [19, 18, 17, 10, 8, 5, 4, 3]                  56  4  4    28            4           2
     4   2   19  [19, 18, 17, 14, 12, 5, 4, 3]                 64  4  4    28            4           2
     4   2   19  [19, 17, 16, 10, 8, 6, 5, 3]                  56  4  4    24            2           2
     4   2   19  [19, 17, 16, 14, 12, 6, 5, 3]                 64  4  4    24            2           2
     4   3   17  [16, 14, 13, 12, 7, 5, 4, 3, 2, 0]            31  4  4    36            2           2  <- nueva
     4   3   17  [16, 14, 13, 12, 11, 9, 4, 3, 2, 0]           39  4  4    36            2           2
     4   3   17  [17, 15, 14, 13, 8, 6, 5, 4, 3, 1]            41  4  4    36            2           2
     4   3   17  [17, 15, 14, 13, 12, 10, 5, 4, 3, 1]          49  4  4    36            2           2
     6   3   19  [16, 15, 14, 12, 11, 7, 5, 4, 3, 2, 1, 0]     24  6  6    39            2           2  <- nueva
     6   3   19  [18, 17, 16, 15, 13, 8, 5, 4, 3, 2, 1, 0]     36  6  6    45            2           2  <- nueva
     6   3   19  [18, 17, 16, 15, 14, 13, 10, 5, 3, 2, 1, 0]    48  6  6    45            2           2
     6   3   19  [16, 15, 14, 13, 12, 11, 9, 5, 4, 2, 1, 0]    36  6  6    39            2           2
     6   3   19  [16, 14, 13, 11, 9, 7, 6, 5, 4, 3, 2, 0]      24  6  6    35            4           2  <- nueva
     6   3   19  [18, 16, 15, 13, 11, 8, 7, 5, 4, 3, 2, 0]     36  6  6    37            2           2  <- nueva
     6   3   19  [16, 14, 13, 12, 11, 10, 9, 7, 5, 3, 2, 0]    36  6  6    35            4           2
     6   3   19  [18, 16, 15, 14, 13, 11, 10, 7, 5, 3, 2, 0]    48  6  6    37            2           2
     6   3   19  [17, 16, 15, 13, 12, 8, 6, 5, 4, 3, 2, 1]     36  6  6    39            2           2
     6   3   19  [19, 18, 17, 16, 14, 9, 6, 5, 4, 3, 2, 1]     48  6  6    45            2           2
     6   3   19  [19, 18, 17, 16, 15, 14, 11, 6, 4, 3, 2, 1]    60  6  6    45            2           2
     6   3   19  [17, 16, 15, 14, 13, 12, 10, 6, 5, 3, 2, 1]    48  6  6    39            2           2
     6   3   19  [17, 15, 14, 12, 10, 8, 7, 6, 5, 4, 3, 1]     36  6  6    35            4           2
     6   3   19  [19, 17, 16, 14, 12, 9, 8, 6, 5, 4, 3, 1]     48  6  6    37            2           2
     6   3   19  [17, 15, 14, 13, 12, 11, 10, 8, 6, 4, 3, 1]    48  6  6    35            4           2
     6   3   19  [19, 17, 16, 15, 14, 12, 11, 8, 6, 4, 3, 1]    60  6  6    37            2           2
     6   3   19  [18, 17, 16, 14, 13, 9, 7, 6, 5, 4, 3, 2]     48  6  6    39            2           2
     6   3   19  [18, 17, 16, 15, 14, 13, 11, 7, 6, 4, 3, 2]    60  6  6    39            2           2
     6   3   19  [18, 16, 15, 13, 11, 9, 8, 7, 6, 5, 4, 2]     48  6  6    35            4           2
     6   3   19  [18, 16, 15, 14, 13, 12, 11, 9, 7, 5, 4, 2]    60  6  6    35            4           2
     6   3   19  [19, 18, 17, 15, 14, 10, 8, 7, 6, 5, 4, 3]    60  6  6    39            2           2
     6   3   19  [19, 18, 17, 16, 15, 14, 12, 8, 7, 5, 4, 3]    72  6  6    39            2           2
     6   3   19  [19, 17, 16, 14, 12, 10, 9, 8, 7, 6, 5, 3]    60  6  6    35            4           2
     6   3   19  [19, 17, 16, 15, 14, 13, 12, 10, 8, 6, 5, 3]    72  6  6    35            4           2

  P3  Phi_t != 0 en todos                 : 48 de 48
  P4  e = t en todos                      : 48 de 48
  P5  esencialmente distintos (canonicos) : 8 de 48

  P1  PROFUNDIDAD POR ARRIBA (Dmax - primer grado no nulo).  Prediccion de la noche: <= 4
         2 : 32 formas
         4 : 16 formas

  P2  PROFUNDIDAD POR ABAJO (primer grado no nulo - Dmin)
         2 : 48 formas

============================================================================================================
C0  CONTROL: en formas que NO son contraejemplos la profundidad por arriba debe ser 0
============================================================================================================

  300 formas con [Phi]_top != 0 : 0 con profundidad != 0  (debe ser 0)

VEREDICTO: todos los contraejemplos caen dentro de los TRES PRIMEROS estratos.
           La ruta de la noche del 12 sobrevive a su peor poblacion.
DONE
