m  d  card(M-)  menor(M-)  Delta  cociente  unidades  control_neg(menor==Delta?)
3 1 1 1 1 1 no sing, det/Delta=1 alt=[2] igual=True OK 
4 1 1 2 2 1 no sing, det/Delta=1 alt=[2] igual=False OK 
5 2 2 10 10 1 no sing, det/Delta=1 alt=[1, 3] igual=True OK   [SNF sympy = Delta: True]
7 3 3 196 196 1 no sing, det/Delta=1 alt=[1, 2, 4] igual=True OK   [SNF sympy = Delta: True]
8 2 2 32 32 1 no sing, det/Delta=1 alt=[1, 2] igual=True OK 
9 3 3 324 324 1 no sing, det/Delta=1 alt=[1, 2, 3] igual=True OK   [SNF sympy = Delta: True]
11 5 5 234256 234256 1 no sing, det/Delta=1 alt=[1, 2, 3, 4, 6] igual=True OK 
12 2 2 48 48 1 no sing, det/Delta=2 alt=[1, 3] igual=True OK   [SNF sympy = Delta: True]
13 6 6 11881376 11881376 1 no sing, det/Delta=1 alt=[1, 2, 3, 4, 5, 7] igual=True OK 
15 4 4 27000 27000 1 no sing, det/Delta=2 alt=[1, 3, 5, 6] igual=True OK   [SNF sympy = Delta: True]
16 4 4 65536 65536 1 no sing, det/Delta=1 alt=[1, 2, 3, 5] igual=True OK   [SNF sympy = Delta: True]
17 8 8 52523350144 52523350144 1 no sing, det/Delta=1 alt=[1, 2, 3, 4, 5, 6, 7, 9] igual=True OK 
19 9 9 4347792138496 4347792138496 1 no sing, det/Delta=1 alt=[1, 2, 3, 4, 5, 6, 7, 8, 10] igual=True OK 
20 4 4 128000 128000 1 singular alt=[1, 4, 5, 8] igual=True OK   [SNF sympy = Delta: True]
21 6 6 130691232 130691232 1 singular alt=[1, 3, 6, 7, 9, 10] igual=True OK   [SNF sympy = Delta: True]
23 11 11 127262242448329728 127262242448329728 1 no sing, det/Delta=1 alt=[1, 2, 3, 4, 5, 6, 7, 8, 9, 10, 12] igual=True OK   [SNF sympy = Delta: True]
24 4 4 221184 221184 1 singular alt=[1, 3, 8, 9] igual=True OK   [SNF sympy = Delta: True]
25 10 10 1953125000000000 1953125000000000 1 no sing, det/Delta=1 alt=[1, 2, 3, 4, 5, 6, 7, 8, 9, 11] igual=False OK 
27 9 9 72301961339136 72301961339136 1 no sing, det/Delta=1 alt=[1, 2, 3, 4, 5, 7, 8, 10, 11] igual=False OK 
28 6 6 1101463552 1101463552 1 singular alt=[1, 4, 7, 8, 9, 12] igual=True OK   [SNF sympy = Delta: True]
29 14 14 672440563332454953058304 672440563332454953058304 1 no sing, det/Delta=1 alt=[1, 2, 3, 4, 5, 6, 7, 8, 9, 10, 11, 12, 13, 15] igual=True OK 
31 15 15 111615924911917742209253376 111615924911917742209253376 1 no sing, det/Delta=1 alt=[1, 2, 3, 4, 5, 6, 7, 8, 9, 10, 11, 12, 13, 14, 16] igual=True OK 
32 8 8 8796093022208 8796093022208 1 no sing, det/Delta=1 alt=[1, 2, 3, 5, 7, 9, 11, 13] igual=True OK 
33 10 10 23762680013799936 23762680013799936 1 singular alt=[1, 3, 4, 6, 9, 11, 12, 13, 15, 16] igual=True OK 
35 12 12 197732674300000000000 197732674300000000000 1 no sing, det/Delta=2 alt=[1, 2, 3, 5, 7, 10, 14, 15, 16, 17, 22, 23] igual=True OK   [SNF sympy = Delta: True]
36 6 6 3869835264 3869835264 1 no sing, det/Delta=2 alt=[1, 4, 8, 9, 13, 16] igual=True OK 
37 18 18 2213813133058152955897896754085888 2213813133058152955897896754085888 1 no sing, det/Delta=1 alt=[1, 2, 3, 4, 5, 6, 7, 8, 9, 10, 11, 12, 13, 14, 15, 16, 17, 19] igual=True OK 
39 12 12 1300381029672847110144 1300381029672847110144 1 singular alt=[1, 3, 4, 6, 9, 12, 13, 15, 16, 18, 19, 28] igual=True OK   [SNF sympy = Delta: True]
40 8 8 41943040000000 41943040000000 1 singular alt=[1, 5, 8, 11, 15, 16, 17, 27] igual=False OK   [SNF sympy = Delta: True]
41 20 20 278771624328521413921010388877275824128 278771624328521413921010388877275824128 1 no sing, det/Delta=1 alt=[1, 2, 3, 4, 5, 6, 7, 8, 9, 10, 11, 12, 13, 14, 15, 16, 17, 18, 19, 21] igual=True OK 
43 21 21 103335960406687439857451487917752148033536 103335960406687439857451487917752148033536 1 no sing, det/Delta=1 alt=[1, 2, 3, 4, 5, 6, 7, 8, 9, 10, 11, 12, 13, 14, 15, 16, 17, 18, 19, 20, 22] igual=True OK 
44 10 10 632956763657732096 632956763657732096 1 no sing, det/Delta=2 alt=[1, 4, 5, 8, 11, 12, 13, 16, 20, 25] igual=True OK 
45 12 12 3138105960900000000000 3138105960900000000000 1 no sing, det/Delta=2 alt=[1, 2, 5, 7, 9, 10, 11, 18, 20, 22, 31, 32] igual=True OK 
47 23 23 17815482289131296865704458377089684748653035520 17815482289131296865704458377089684748653035520 1 no sing, det/Delta=1 alt=[1, 2, 3, 4, 5, 6, 7, 8, 9, 10, 11, 12, 13, 14, 15, 16, 17, 18, 19, 20, 21, 22, 24] igual=True OK 
48 8 8 150289495621632 150289495621632 1 singular alt=[1, 3, 7, 9, 15, 16, 19, 21] igual=True OK 
49 21 21 287071427854690631954602876979518681120768 287071427854690631954602876979518681120768 1 no sing, det/Delta=1 alt=[1, 2, 3, 4, 5, 6, 7, 8, 9, 10, 11, 12, 13, 15, 16, 17, 18, 19, 20, 22, 23] igual=False OK 
51 16 16 6729341691620647960721531043840 6729341691620647960721531043840 1 no sing, det/Delta=2 alt=[1, 3, 4, 6, 7, 9, 12, 15, 17, 18, 19, 21, 22, 24, 25, 37] igual=True OK 
52 12 12 92367243378904660967424 92367243378904660967424 1 singular alt=[1, 4, 5, 8, 12, 13, 16, 17, 20, 24, 29, 41] igual=True OK 
53 26 26 2098295594882588785636375798013107273577703930293387264 2098295594882588785636375798013107273577703930293387264 1 no sing, det/Delta=1 alt=[1, 2, 3, 4, 5, 6, 7, 8, 9, 10, 11, 12, 13, 14, 15, 16, 17, 18, 19, 20, 21, 22, 23, 24, 25, 27] igual=True OK 
55 20 20 6115909044841454629100000000000000000000 6115909044841454629100000000000000000000 1 singular alt=[1, 2, 3, 5, 10, 11, 12, 13, 15, 16, 20, 22, 25, 26, 27, 36, 37, 38, 46, 47] igual=False OK 
56 12 12 139141999733820570468352 139141999733820570468352 1 singular alt=[1, 3, 7, 8, 9, 16, 17, 21, 24, 37, 43, 45] igual=True OK   [SNF sympy = Delta: True]
57 18 18 834881777704171544108632494900903936 834881777704171544108632494900903936 1 singular alt=[1, 3, 4, 6, 7, 9, 12, 15, 18, 19, 21, 22, 24, 25, 27, 28, 40, 43] igual=True OK 
59 29 29 424644390966573841351920765517593838750847127180229066585276416 424644390966573841351920765517593838750847127180229066585276416 1 no sing, det/Delta=1 alt=[1, 2, 3, 4, 5, 6, 7, 8, 9, 10, 11, 12, 13, 14, 15, 16, 17, 18, 19, 20, 21, 22, 23, 24, 25, 26, 27, 28, 30] igual=True OK 
60 8 8 1433272320000000 1433272320000000 1 singular alt=[1, 2, 12, 15, 20, 24, 28, 37] igual=False OK   [SNF sympy = Delta: True]
61 30 30 243761615478113810409646311801074221611458505468595166236578414592 243761615478113810409646311801074221611458505468595166236578414592 1 no sing, det/Delta=1 alt=[1, 2, 3, 4, 5, 6, 7, 8, 9, 10, 11, 12, 13, 14, 15, 16, 17, 18, 19, 20, 21, 22, 23, 24, 25, 26, 27, 28, 29, 31] igual=True OK 
63 18 18 3559568107708132193365972887729733632 3559568107708132193365972887729733632 1 singular alt=[1, 2, 7, 9, 10, 14, 16, 18, 22, 23, 27, 28, 29, 31, 37, 38, 52, 58] igual=False OK 
64 16 16 1379203853048313588828413087449088 1379203853048313588828413087449088 1 no sing, det/Delta=1 alt=[1, 2, 3, 5, 7, 9, 11, 13, 15, 17, 19, 21, 23, 25, 27, 29] igual=True OK 
65 24 24 267224994645843944749093100800000000000000000000000 267224994645843944749093100800000000000000000000000 1 no sing, det/Delta=8 alt=[1, 2, 3, 5, 6, 10, 13, 15, 16, 17, 18, 20, 25, 26, 27, 28, 30, 31, 32, 41, 42, 43, 56, 57] igual=False OK 
67 33 33 99669823223377873503439895200461972313478952534046520880834224711457046528 99669823223377873503439895200461972313478952534046520880834224711457046528 1 no sing, det/Delta=1 alt=[1, 2, 3, 4, 5, 6, 7, 8, 9, 10, 11, 12, 13, 14, 15, 16, 17, 18, 19, 20, 21, 22, 23, 24, 25, 26, 27, 28, 29, 30, 31, 32, 34] igual=True OK 
68 16 16 1611400923519540560385711240380416 1611400923519540560385711240380416 1 singular alt=[1, 4, 5, 8, 12, 16, 17, 20, 21, 24, 25, 28, 32, 37, 41, 53] igual=True OK 
69 22 22 59746147286172128337555505284043965486304591872 59746147286172128337555505284043965486304591872 1 singular alt=[1, 3, 4, 6, 7, 9, 10, 12, 15, 18, 21, 23, 24, 25, 27, 28, 30, 31, 33, 34, 49, 52] igual=True OK 
71 35 35 58472240698240402831464548260137733475019717349204711751033016825424300564545536 58472240698240402831464548260137733475019717349204711751033016825424300564545536 1 no sing, det/Delta=1 alt=[1, 2, 3, 4, 5, 6, 7, 8, 9, 10, 11, 12, 13, 14, 15, 16, 17, 18, 19, 20, 21, 22, 23, 24, 25, 26, 27, 28, 29, 30, 31, 32, 33, 34, 36] igual=True OK 
72 12 12 3312368633474618505560064 3312368633474618505560064 1 singular alt=[1, 8, 9, 11, 13, 16, 19, 27, 29, 32, 49, 65] igual=True OK 
73 36 36 67606324782008551336784458080964672062532355334140472237626469784646254598073352192 67606324782008551336784458080964672062532355334140472237626469784646254598073352192 1 no sing, det/Delta=1 alt=[1, 2, 3, 4, 5, 6, 7, 8, 9, 10, 11, 12, 13, 14, 15, 16, 17, 18, 19, 20, 21, 22, 23, 24, 25, 26, 27, 28, 29, 30, 31, 32, 33, 34, 35, 37] igual=True OK 
75 20 20 2438521602058410644531250000000000000000000 2438521602058410644531250000000000000000000 1 no sing, det/Delta=2 alt=[1, 3, 4, 6, 7, 9, 12, 18, 21, 24, 25, 27, 28, 31, 33, 34, 36, 37, 52, 58] igual=True OK 
76 18 18 468947896000750173022384559193258459136 468947896000750173022384559193258459136 1 no sing, det/Delta=2 alt=[1, 4, 5, 8, 9, 12, 16, 19, 20, 21, 24, 25, 28, 32, 36, 41, 45, 61] igual=True OK 
77 30 30 3510030368034026459047794088815181689698208181326907695050333880320 3510030368034026459047794088815181689698208181326907695050333880320 1 singular alt=[1, 2, 3, 4, 5, 7, 11, 14, 15, 16, 21, 22, 23, 24, 25, 26, 28, 33, 35, 36, 37, 38, 45, 46, 47, 57, 58, 59, 60, 68] igual=True OK 
79 39 39 35449059017491615507130599714445859570363029196040764755692682135068713182905145916506767360 35449059017491615507130599714445859570363029196040764755692682135068713182905145916506767360 1 no sing, det/Delta=1 alt=[1, 2, 3, 4, 5, 6, 7, 8, 9, 10, 11, 12, 13, 14, 15, 16, 17, 18, 19, 20, 21, 22, 23, 24, 25, 26, 27, 28, 29, 30, 31, 32, 33, 34, 35, 36, 37, 38, 40] igual=True OK 
80 16 16 11529215046068469760000000000000000 11529215046068469760000000000000000 1 singular alt=[1, 5, 7, 15, 16, 17, 21, 25, 27, 32, 35, 37, 51, 57, 67, 71] igual=False OK 
81 27 27 7264285340165229297859230789749718276892809700866686831296512 7264285340165229297859230789749718276892809700866686831296512 1 no sing, det/Delta=1 alt=[1, 2, 3, 4, 5, 7, 8, 10, 11, 13, 14, 16, 17, 19, 20, 22, 23, 25, 26, 28, 29, 31, 32, 34, 35, 37, 38] igual=False OK 
83 41 41 53417057976838880635113416656770353708565622408544141928801837062709656399672042640900579586473984 53417057976838880635113416656770353708565622408544141928801837062709656399672042640900579586473984 1 no sing, det/Delta=1 alt=[1, 2, 3, 4, 5, 6, 7, 8, 9, 10, 11, 12, 13, 14, 15, 16, 17, 18, 19, 20, 21, 22, 23, 24, 25, 26, 27, 28, 29, 30, 31, 32, 33, 34, 35, 36, 37, 38, 39, 40, 42] igual=True OK 
84 12 12 12035443274827691697635328 12035443274827691697635328 1 singular alt=[1, 2, 12, 21, 24, 27, 28, 36, 37, 40, 51, 64] igual=False OK   [SNF sympy = Delta: True]
85 32 32 8642877320875705447330987985221472052867650000000000000000000000000000000 8642877320875705447330987985221472052867650000000000000000000000000000000 1 no sing, det/Delta=2 alt=[1, 2, 3, 5, 6, 7, 8, 10, 15, 17, 20, 21, 22, 23, 25, 30, 34, 35, 36, 37, 38, 40, 41, 42, 52, 53, 56, 57, 58, 71, 72, 73] igual=True OK 
87 28 28 4799775441866563065173485115228252918003907129771588182096216064 4799775441866563065173485115228252918003907129771588182096216064 1 no sing, det/Delta=2 alt=[1, 3, 4, 6, 7, 9, 10, 12, 13, 15, 18, 21, 24, 27, 29, 30, 31, 33, 34, 36, 37, 39, 40, 42, 43, 61, 64, 67] igual=True OK 
88 20 20 508315524387239208161843690750711579394703360 508315524387239208161843690750711579394703360 1 singular alt=[1, 3, 5, 8, 11, 13, 16, 24, 25, 27, 32, 33, 35, 37, 40, 49, 57, 59, 67, 69] igual=True OK 
89 44 44 78432410048781432164514750402002994944635195652801224037841013253830373590224509399467248078535046855655424 78432410048781432164514750402002994944635195652801224037841013253830373590224509399467248078535046855655424 1 no sing, det/Delta=1 alt=[1, 2, 3, 4, 5, 6, 7, 8, 9, 10, 11, 12, 13, 14, 15, 16, 17, 18, 19, 20, 21, 22, 23, 24, 25, 26, 27, 28, 29, 30, 31, 32, 33, 34, 35, 36, 37, 38, 39, 40, 41, 42, 43, 45] igual=True OK 

casos: 66  fallos: 0
bloque de unidades singular en 21 de 66 (ahi su menor 0 != Delta)
control negativo: menor != Delta en 12 de 66 (si fuese 0, la compuerta no discriminaria)
