n phi d rank h^- Delta elemdiv_nontrivial
3 2 1 1 1 1 Delta/h^- = 1 [] h^- fact: 1 Delta fact: 1
4 2 1 1 1 2 Delta/h^- = 2 [2] h^- fact: 1 Delta fact: 2
5 4 2 2 1 10 Delta/h^- = 10 [10] h^- fact: 1 Delta fact: 2 * 5
7 6 3 3 1 196 Delta/h^- = 196 [14, 14] h^- fact: 1 Delta fact: 2^2 * 7^2
8 4 2 2 1 32 Delta/h^- = 32 [2, 16] h^- fact: 1 Delta fact: 2^5
9 6 3 3 1 324 Delta/h^- = 324 [18, 18] h^- fact: 1 Delta fact: 2^2 * 3^4
11 10 5 5 1 234256 Delta/h^- = 234256 [22, 22, 22, 22] h^- fact: 1 Delta fact: 2^4 * 11^4
12 4 2 2 1 48 Delta/h^- = 48 [2, 24] h^- fact: 1 Delta fact: 2^4 * 3
13 12 6 6 1 11881376 Delta/h^- = 11881376 [26, 26, 26, 26, 26] h^- fact: 1 Delta fact: 2^5 * 13^5
15 8 4 4 1 27000 Delta/h^- = 27000 [30, 30, 30] h^- fact: 1 Delta fact: 2^3 * 3^3 * 5^3
16 8 4 4 1 65536 Delta/h^- = 65536 [2, 32, 32, 32] h^- fact: 1 Delta fact: 2^16
17 16 8 8 1 52523350144 Delta/h^- = 52523350144 [34, 34, 34, 34, 34, 34, 34] h^- fact: 1 Delta fact: 2^7 * 17^7
19 18 9 9 1 4347792138496 Delta/h^- = 4347792138496 [38, 38, 38, 38, 38, 38, 38, 38] h^- fact: 1 Delta fact: 2^8 * 19^8
20 8 4 4 1 128000 Delta/h^- = 128000 [2, 40, 40, 40] h^- fact: 1 Delta fact: 2^10 * 5^3
21 12 6 6 1 130691232 Delta/h^- = 130691232 [42, 42, 42, 42, 42] h^- fact: 1 Delta fact: 2^5 * 3^5 * 7^5
23 22 11 11 3 127262242448329728 Delta/h^- = 42420747482776576 [46, 46, 46, 46, 46, 46, 46, 46, 46, 138] h^- fact: 3 Delta fact: 2^10 * 3 * 23^10
24 8 4 4 1 221184 Delta/h^- = 221184 [2, 48, 48, 48] h^- fact: 1 Delta fact: 2^13 * 3^3
25 20 10 10 1 1953125000000000 Delta/h^- = 1953125000000000 [50, 50, 50, 50, 50, 50, 50, 50, 50] h^- fact: 1 Delta fact: 2^9 * 5^18
27 18 9 9 1 72301961339136 Delta/h^- = 72301961339136 [54, 54, 54, 54, 54, 54, 54, 54] h^- fact: 1 Delta fact: 2^8 * 3^24
28 12 6 6 1 1101463552 Delta/h^- = 1101463552 [2, 56, 56, 56, 56, 56] h^- fact: 1 Delta fact: 2^16 * 7^5
29 28 14 14 8 672440563332454953058304 Delta/h^- = 84055070416556869132288 [58, 58, 58, 58, 58, 58, 58, 58, 58, 58, 116, 116, 116] h^- fact: 2^3 Delta fact: 2^16 * 29^13
31 30 15 15 9 111615924911917742209253376 Delta/h^- = 12401769434657526912139264 [62, 62, 62, 62, 62, 62, 62, 62, 62, 62, 62, 62, 62, 558] h^- fact: 3^2 Delta fact: 2^14 * 3^2 * 31^14
32 16 8 8 1 8796093022208 Delta/h^- = 8796093022208 [2, 64, 64, 64, 64, 64, 64, 64] h^- fact: 1 Delta fact: 2^43
33 20 10 10 1 23762680013799936 Delta/h^- = 23762680013799936 [66, 66, 66, 66, 66, 66, 66, 66, 66] h^- fact: 1 Delta fact: 2^9 * 3^9 * 11^9
35 24 12 12 1 197732674300000000000 Delta/h^- = 197732674300000000000 [70, 70, 70, 70, 70, 70, 70, 70, 70, 70, 70] h^- fact: 1 Delta fact: 2^11 * 5^11 * 7^11
36 12 6 6 1 3869835264 Delta/h^- = 3869835264 [2, 72, 72, 72, 72, 72] h^- fact: 1 Delta fact: 2^16 * 3^10
37 36 18 18 37 2213813133058152955897896754085888 Delta/h^- = 59832787379950079889132344705024 [74, 74, 74, 74, 74, 74, 74, 74, 74, 74, 74, 74, 74, 74, 74, 74, 2738] h^- fact: 37 Delta fact: 2^17 * 37^18
39 24 12 12 2 1300381029672847110144 Delta/h^- = 650190514836423555072 [78, 78, 78, 78, 78, 78, 78, 78, 78, 78, 156] h^- fact: 2 Delta fact: 2^12 * 3^11 * 13^11
40 16 8 8 1 41943040000000 Delta/h^- = 41943040000000 [2, 80, 80, 80, 80, 80, 80, 80] h^- fact: 1 Delta fact: 2^29 * 5^7
41 40 20 20 121 278771624328521413921010388877275824128 Delta/h^- = 2303897721723317470421573461795667968 [82, 82, 82, 82, 82, 82, 82, 82, 82, 82, 82, 82, 82, 82, 82, 82, 82, 902, 902] h^- fact: 11^2 Delta fact: 2^19 * 11^2 * 41^19
43 42 21 21 211 103335960406687439857451487917752148033536 Delta/h^- = 489743888183352795532945440368493592576 [86, 86, 86, 86, 86, 86, 86, 86, 86, 86, 86, 86, 86, 86, 86, 86, 86, 86, 86, 18146] h^- fact: 211 Delta fact: 2^20 * 43^20 * 211
44 20 10 10 1 632956763657732096 Delta/h^- = 632956763657732096 [2, 88, 88, 88, 88, 88, 88, 88, 88, 88] h^- fact: 1 Delta fact: 2^28 * 11^9
45 24 12 12 1 3138105960900000000000 Delta/h^- = 3138105960900000000000 [90, 90, 90, 90, 90, 90, 90, 90, 90, 90, 90] h^- fact: 1 Delta fact: 2^11 * 3^22 * 5^11
47 46 23 23 695 17815482289131296865704458377089684748653035520 Delta/h^- = 25633787466375966713243825003006740645543936 [94, 94, 94, 94, 94, 94, 94, 94, 94, 94, 94, 94, 94, 94, 94, 94, 94, 94, 94, 94, 94, 65330] h^- fact: 5 * 139 Delta fact: 2^22 * 5 * 47^22 * 139
48 16 8 8 1 150289495621632 Delta/h^- = 150289495621632 [2, 96, 96, 96, 96, 96, 96, 96] h^- fact: 1 Delta fact: 2^36 * 3^7
49 42 21 21 43 287071427854690631954602876979518681120768 Delta/h^- = 6676079717550944929176811092546946072576 [98, 98, 98, 98, 98, 98, 98, 98, 98, 98, 98, 98, 98, 98, 98, 98, 98, 98, 98, 4214] h^- fact: 43 Delta fact: 2^20 * 7^40 * 43
51 32 16 16 5 6729341691620647960721531043840 Delta/h^- = 1345868338324129592144306208768 [102, 102, 102, 102, 102, 102, 102, 102, 102, 102, 102, 102, 102, 102, 510] h^- fact: 5 Delta fact: 2^15 * 3^15 * 5 * 17^15
52 24 12 12 3 92367243378904660967424 Delta/h^- = 30789081126301553655808 [2, 104, 104, 104, 104, 104, 104, 104, 104, 104, 104, 312] h^- fact: 3 Delta fact: 2^34 * 3 * 13^11
53 52 26 26 4889 2098295594882588785636375798013107273577703930293387264 Delta/h^- = 429187071974348289146323542240357388745695219941376 [106, 106, 106, 106, 106, 106, 106, 106, 106, 106, 106, 106, 106, 106, 106, 106, 106, 106, 106, 106, 106, 106, 106, 106, 518234] h^- fact: 4889 Delta fact: 2^25 * 53^25 * 4889
55 40 20 20 10 6115909044841454629100000000000000000000 Delta/h^- = 611590904484145462910000000000000000000 [110, 110, 110, 110, 110, 110, 110, 110, 110, 110, 110, 110, 110, 110, 110, 110, 110, 110, 1100] h^- fact: 2 * 5 Delta fact: 2^20 * 5^20 * 11^19
56 24 12 12 2 139141999733820570468352 Delta/h^- = 69570999866910285234176 [2, 112, 112, 112, 112, 112, 112, 112, 112, 112, 112, 224] h^- fact: 2 Delta fact: 2^46 * 7^11
57 36 18 18 9 834881777704171544108632494900903936 Delta/h^- = 92764641967130171567625832766767104 [114, 114, 114, 114, 114, 114, 114, 114, 114, 114, 114, 114, 114, 114, 114, 114, 1026] h^- fact: 3^2 Delta fact: 2^17 * 3^19 * 19^17
59 58 29 29 41241 424644390966573841351920765517593838750847127180229066585276416 Delta/h^- = 10296656021109426089375154955447099700561264934900440498176 [118, 118, 118, 118, 118, 118, 118, 118, 118, 118, 118, 118, 118, 118, 118, 118, 118, 118, 118, 118, 118, 118, 118, 118, 118, 118, 118, 4866438] h^- fact: 3 * 59 * 233 Delta fact: 2^28 * 3 * 59^29 * 233
60 16 8 8 1 1433272320000000 Delta/h^- = 1433272320000000 [2, 120, 120, 120, 120, 120, 120, 240] h^- fact: 1 Delta fact: 2^23 * 3^7 * 5^7
61 60 30 30 76301 243761615478113810409646311801074221611458505468595166236578414592 Delta/h^- = 3194736838024584348955404408868484313592987057425134221524992 [122, 122, 122, 122, 122, 122, 122, 122, 122, 122, 122, 122, 122, 122, 122, 122, 122, 122, 122, 122, 122, 122, 122, 122, 122, 122, 122, 122, 9308722] h^- fact: 41 * 1861 Delta fact: 2^29 * 41 * 61^29 * 1861
63 36 18 18 7 3559568107708132193365972887729733632 Delta/h^- = 508509729672590313337996126818533376 [126, 126, 126, 126, 126, 126, 126, 126, 126, 126, 126, 126, 126, 126, 126, 126, 882] h^- fact: 7 Delta fact: 2^17 * 3^34 * 7^18
64 32 16 16 17 1379203853048313588828413087449088 Delta/h^- = 81129638414606681695789005144064 [2, 128, 128, 128, 128, 128, 128, 128, 128, 128, 128, 128, 128, 128, 128, 2176] h^- fact: 17 Delta fact: 2^106 * 17
65 48 24 24 64 267224994645843944749093100800000000000000000000000 Delta/h^- = 4175390541341311636704579700000000000000000000000 [130, 130, 130, 130, 130, 130, 130, 130, 130, 130, 130, 130, 130, 130, 130, 130, 130, 130, 130, 260, 260, 520, 520] h^- fact: 2^6 Delta fact: 2^29 * 5^23 * 13^23
67 66 33 33 853513 99669823223377873503439895200461972313478952534046520880834224711457046528 Delta/h^- = 116775987270701059624680462043884477815193151755212305941250132934656 [134, 134, 134, 134, 134, 134, 134, 134, 134, 134, 134, 134, 134, 134, 134, 134, 134, 134, 134, 134, 134, 134, 134, 134, 134, 134, 134, 134, 134, 134, 134, 114370742] h^- fact: 67 * 12739 Delta fact: 2^32 * 67^33 * 12739
68 32 16 16 8 1611400923519540560385711240380416 Delta/h^- = 201425115439942570048213905047552 [2, 136, 136, 136, 136, 136, 136, 136, 136, 136, 136, 136, 136, 136, 136, 1088] h^- fact: 2^3 Delta fact: 2^49 * 17^15
69 44 22 22 69 59746147286172128337555505284043965486304591872 Delta/h^- = 865886192553219251268920366435419789656588288 [138, 138, 138, 138, 138, 138, 138, 138, 138, 138, 138, 138, 138, 138, 138, 138, 138, 138, 138, 138, 9522] h^- fact: 3 * 23 Delta fact: 2^21 * 3^22 * 23^22
71 70 35 35 3882809 58472240698240402831464548260137733475019717349204711751033016825424300564545536 Delta/h^- = 15059262687976772185153724599932093871993115641074467415480137401923272704 [142, 142, 142, 142, 142, 142, 142, 142, 142, 142, 142, 142, 142, 142, 142, 142, 142, 142, 142, 142, 142, 142, 142, 142, 142, 142, 142, 142, 142, 142, 142, 142, 142, 551358878] h^- fact: 7^2 * 79241 Delta fact: 2^34 * 7^2 * 71^34 * 79241
72 24 12 12 3 3312368633474618505560064 Delta/h^- = 1104122877824872835186688 [2, 144, 144, 144, 144, 144, 144, 144, 144, 144, 144, 432] h^- fact: 3 Delta fact: 2^45 * 3^23
73 72 36 36 11957417 67606324782008551336784458080964672062532355334140472237626469784646254598073352192 Delta/h^- = 5653923818330376145348486055221179629558152511879486367133175148499567640576 [146, 146, 146, 146, 146, 146, 146, 146, 146, 146, 146, 146, 146, 146, 146, 146, 146, 146, 146, 146, 146, 146, 146, 146, 146, 146, 146, 146, 146, 146, 146, 146, 146, 146, 1745782882] h^- fact: 89 * 134353 Delta fact: 2^35 * 73^35 * 89 * 134353
75 40 20 20 11 2438521602058410644531250000000000000000000 Delta/h^- = 221683782005310058593750000000000000000000 [150, 150, 150, 150, 150, 150, 150, 150, 150, 150, 150, 150, 150, 150, 150, 150, 150, 150, 1650] h^- fact: 11 Delta fact: 2^19 * 3^19 * 5^38 * 11
76 36 18 18 19 468947896000750173022384559193258459136 Delta/h^- = 24681468210565798580125503115434655744 [2, 152, 152, 152, 152, 152, 152, 152, 152, 152, 152, 152, 152, 152, 152, 152, 152, 2888] h^- fact: 19 Delta fact: 2^52 * 19^18
77 60 30 30 1280 3510030368034026459047794088815181689698208181326907695050333880320 Delta/h^- = 2742211225026583171131089131886860695076725141661646636758073344 [154, 154, 154, 154, 154, 154, 154, 154, 154, 154, 154, 154, 154, 154, 154, 154, 154, 154, 154, 154, 154, 154, 154, 154, 154, 616, 616, 616, 3080] h^- fact: 2^8 * 5 Delta fact: 2^37 * 5 * 7^29 * 11^29
79 78 39 39 100146415 35449059017491615507130599714445859570363029196040764755692682135068713182905145916506767360 Delta/h^- = 353972321600245156125964166709770485247654937982959896823991973502683178253611433984 [158, 158, 158, 158, 158, 158, 158, 158, 158, 158, 158, 158, 158, 158, 158, 158, 158, 158, 158, 158, 158, 158, 158, 158, 158, 158, 158, 158, 158, 158, 158, 158, 158, 158, 158, 158, 158, 15823133570] h^- fact: 5 * 53 * 377911 Delta fact: 2^38 * 5 * 53 * 79^38 * 377911
80 32 16 16 5 11529215046068469760000000000000000 Delta/h^- = 2305843009213693952000000000000000 [2, 160, 160, 160, 160, 160, 160, 160, 160, 160, 160, 160, 160, 160, 160, 800] h^- fact: 5 Delta fact: 2^76 * 5^16
81 54 27 27 2593 7264285340165229297859230789749718276892809700866686831296512 Delta/h^- = 2801498395744400037739772768896921819087084342794711465984 [162, 162, 162, 162, 162, 162, 162, 162, 162, 162, 162, 162, 162, 162, 162, 162, 162, 162, 162, 162, 162, 162, 162, 162, 162, 420066] h^- fact: 2593 Delta fact: 2^26 * 3^104 * 2593
83 82 41 41 838216959 53417057976838880635113416656770353708565622408544141928801837062709656399672042640900579586473984 Delta/h^- = 63727006956010395675033600288645977763575196774972602205250582460130893629022891960958976 [166, 166, 166, 166, 166, 166, 166, 166, 166, 166, 166, 166, 166, 166, 166, 166, 166, 166, 166, 166, 166, 166, 166, 166, 166, 166, 166, 166, 166, 166, 166, 166, 166, 166, 166, 166, 166, 166, 166, 139144015194] h^- fact: 3 * 279405653 Delta fact: 2^40 * 3 * 83^40 * 279405653
84 24 12 12 1 12035443274827691697635328 Delta/h^- = 12035443274827691697635328 [2, 168, 168, 168, 168, 168, 168, 168, 168, 168, 168, 336] h^- fact: 1 Delta fact: 2^35 * 3^11 * 7^11
85 64 32 32 6205 8642877320875705447330987985221472052867650000000000000000000000000000000 Delta/h^- = 1392889173388510144614180174894677204330000000000000000000000000000000 [170, 170, 170, 170, 170, 170, 170, 170, 170, 170, 170, 170, 170, 170, 170, 170, 170, 170, 170, 170, 170, 170, 170, 170, 170, 170, 170, 170, 170, 170, 1054850] h^- fact: 5 * 17 * 73 Delta fact: 2^31 * 5^32 * 17^32 * 73
87 56 28 28 1536 4799775441866563065173485115228252918003907129771588182096216064 Delta/h^- = 3124853803298543662222321038560060493492127037611711056052224 [174, 174, 174, 174, 174, 174, 174, 174, 174, 174, 174, 174, 174, 174, 174, 174, 174, 174, 174, 174, 174, 174, 174, 174, 1392, 1392, 4176] h^- fact: 2^9 * 3 Delta fact: 2^36 * 3^28 * 29^27
88 40 20 20 55 508315524387239208161843690750711579394703360 Delta/h^- = 9242100443404349239306248922740210534449152 [2, 176, 176, 176, 176, 176, 176, 176, 176, 176, 176, 176, 176, 176, 176, 176, 176, 176, 176, 9680] h^- fact: 5 * 11 Delta fact: 2^77 * 5 * 11^20
89 88 44 44 13379363737 78432410048781432164514750402002994944635195652801224037841013253830373590224509399467248078535046855655424 Delta/h^- = 5862192821014372887328188377961503876306131974682349129547475823575508909884158372475769404260352 [178, 178, 178, 178, 178, 178, 178, 178, 178, 178, 178, 178, 178, 178, 178, 178, 178, 178, 178, 178, 178, 178, 178, 178, 178, 178, 178, 178, 178, 178, 178, 178, 178, 178, 178, 178, 178, 178, 178, 178, 178, 178, 2381526745186] h^- fact: 113 * 118401449 Delta fact: 2^43 * 89^43 * 113 * 118401449

TOTAL pairs (n, odd p<=97, p!|n): 1505 matches: 1505 mismatches: 0
  with p | phi(n): 40 matches: 40
  with p | h^-   : 19 matches: 19
MISMATCHES (n,p,vp(Delta),vp(h-),p|phi): []
pairs p|phi(n) detail (n,p,vD,vh): [(7, 3, 0, 0), (11, 5, 0, 0), (13, 3, 0, 0), (19, 3, 0, 0), (23, 11, 0, 0), (28, 3, 0, 0), (29, 7, 0, 0), (31, 3, 2, 2), (31, 5, 0, 0), (33, 5, 0, 0), (35, 3, 0, 0), (37, 3, 0, 0), (41, 5, 0, 0), (43, 3, 0, 0), (43, 7, 0, 0), (44, 5, 0, 0), (47, 23, 0, 0), (49, 3, 0, 0), (52, 3, 1, 1), (53, 13, 0, 0), (56, 3, 0, 0), (59, 29, 0, 0), (61, 3, 0, 0), (61, 5, 0, 0), (65, 3, 0, 0), (67, 3, 0, 0), (67, 11, 0, 0), (69, 11, 0, 0), (71, 5, 0, 0), (71, 7, 2, 2), (73, 3, 0, 0), (76, 3, 0, 0), (77, 3, 0, 0), (77, 5, 1, 1), (79, 3, 0, 0), (79, 13, 0, 0), (83, 41, 0, 0), (87, 7, 0, 0), (88, 5, 1, 1), (89, 11, 0, 0)]
pairs p|phi(n) AND p|h^-: [(31, 3, 2, 2), (52, 3, 1, 1), (71, 7, 2, 2), (77, 5, 1, 1), (88, 5, 1, 1)]
rank_Fp for vp(h-)>=2 (n,p,vp(h-),rank,d): [(31, 3, 2, 14, 15), (41, 11, 2, 18, 20), (71, 7, 2, 34, 35)]
rank_Fp checks for vp(h-)=1 (n,p,rank,d,rank==d-1):
   (23, 3, 10, 11, True)
   (47, 5, 22, 23, True)
   (49, 43, 20, 21, True)
   (51, 5, 15, 16, True)
   (52, 3, 11, 12, True)
   (59, 3, 28, 29, True)
   (61, 41, 29, 30, True)
   (64, 17, 15, 16, True)
   (73, 89, 35, 36, True)
   (75, 11, 19, 20, True)
   (77, 5, 29, 30, True)
   (79, 5, 38, 39, True)
   (79, 53, 38, 39, True)
   (83, 3, 40, 41, True)
   (85, 73, 31, 32, True)
   (88, 5, 19, 20, True)
all rank==d-1: True count 16
v2 info (n, v2(Delta), v2(h-)): [(3, 0, 0), (4, 1, 0), (5, 1, 0), (7, 2, 0), (8, 5, 0), (9, 2, 0), (11, 4, 0), (12, 4, 0), (13, 5, 0), (15, 3, 0), (16, 16, 0), (17, 7, 0), (19, 8, 0), (20, 10, 0), (21, 5, 0), (23, 10, 0), (24, 13, 0), (25, 9, 0), (27, 8, 0), (28, 16, 0), (29, 16, 3), (31, 14, 0), (32, 43, 0), (33, 9, 0), (35, 11, 0), (36, 16, 0), (37, 17, 0), (39, 12, 1), (40, 29, 0), (41, 19, 0), (43, 20, 0), (44, 28, 0), (45, 11, 0), (47, 22, 0), (48, 36, 0), (49, 20, 0), (51, 15, 0), (52, 34, 0), (53, 25, 0), (55, 20, 1), (56, 46, 1), (57, 17, 0), (59, 28, 0), (60, 23, 0), (61, 29, 0), (63, 17, 0), (64, 106, 0), (65, 29, 6), (67, 32, 0), (68, 49, 3), (69, 21, 0), (71, 34, 0), (72, 45, 0), (73, 35, 0), (75, 19, 0), (76, 52, 0), (77, 37, 8), (79, 38, 0), (80, 76, 0), (81, 26, 0), (83, 40, 0), (84, 35, 0), (85, 31, 0), (87, 36, 9), (88, 77, 0), (89, 43, 0)]
p|n info (n,p,vp(Delta),vp(h-)): [(3, 3, 0, 0), (5, 5, 1, 0), (7, 7, 2, 0), (9, 3, 4, 0), (11, 11, 4, 0), (12, 3, 1, 0), (13, 13, 5, 0), (15, 3, 3, 0), (15, 5, 3, 0), (17, 17, 7, 0), (19, 19, 8, 0), (20, 5, 3, 0), (21, 3, 5, 0), (21, 7, 5, 0), (23, 23, 10, 0), (24, 3, 3, 0), (25, 5, 18, 0), (27, 3, 24, 0), (28, 7, 5, 0), (29, 29, 13, 0), (31, 31, 14, 0), (33, 3, 9, 0), (33, 11, 9, 0), (35, 5, 11, 0), (35, 7, 11, 0), (36, 3, 10, 0), (37, 37, 18, 1), (39, 3, 11, 0), (39, 13, 11, 0), (40, 5, 7, 0), (41, 41, 19, 0), (43, 43, 20, 0), (44, 11, 9, 0), (45, 3, 22, 0), (45, 5, 11, 0), (47, 47, 22, 0), (48, 3, 7, 0), (49, 7, 40, 0), (51, 3, 15, 0), (51, 17, 15, 0), (52, 13, 11, 0), (53, 53, 25, 0), (55, 5, 20, 1), (55, 11, 19, 0), (56, 7, 11, 0), (57, 3, 19, 2), (57, 19, 17, 0), (59, 59, 29, 1), (60, 3, 7, 0), (60, 5, 7, 0), (61, 61, 29, 0), (63, 3, 34, 0), (63, 7, 18, 1), (65, 5, 23, 0), (65, 13, 23, 0), (67, 67, 33, 1), (68, 17, 15, 0), (69, 3, 22, 1), (69, 23, 22, 1), (71, 71, 34, 0), (72, 3, 23, 1), (73, 73, 35, 0), (75, 3, 19, 0), (75, 5, 38, 0), (76, 19, 18, 1), (77, 7, 29, 0), (77, 11, 29, 0), (79, 79, 38, 0), (80, 5, 16, 1), (81, 3, 104, 0), (83, 83, 40, 0), (84, 3, 11, 0), (84, 7, 11, 0), (85, 5, 32, 1), (85, 17, 32, 1), (87, 3, 28, 1), (87, 29, 27, 0), (88, 11, 20, 1), (89, 89, 43, 0)]
KNOWN-values check (n, computed, table, eq):
   (3, 1, 1, True)
   (4, 1, 1, True)
   (5, 1, 1, True)
   (7, 1, 1, True)
   (8, 1, 1, True)
   (9, 1, 1, True)
   (11, 1, 1, True)
   (12, 1, 1, True)
   (13, 1, 1, True)
   (15, 1, 1, True)
   (16, 1, 1, True)
   (17, 1, 1, True)
   (19, 1, 1, True)
   (20, 1, 1, True)
   (21, 1, 1, True)
   (23, 3, 3, True)
   (24, 1, 1, True)
   (25, 1, 1, True)
   (27, 1, 1, True)
   (28, 1, 1, True)
   (29, 8, 8, True)
   (31, 9, 9, True)
   (32, 1, 1, True)
   (33, 1, 1, True)
   (35, 1, 1, True)
   (36, 1, 1, True)
   (37, 37, 37, True)
   (39, 2, 2, True)
   (40, 1, 1, True)
   (41, 121, 121, True)
   (43, 211, 211, True)
   (44, 1, 1, True)
   (45, 1, 1, True)
   (47, 695, 695, True)
   (48, 1, 1, True)
   (49, 43, 43, True)
   (52, 3, 3, True)
   (53, 4889, 4889, True)
   (56, 2, 2, True)
   (57, 9, 9, True)
   (59, 41241, 41241, True)
   (60, 1, 1, True)
   (61, 76301, 76301, True)
   (63, 7, 7, True)
   (64, 17, 17, True)
   (65, 64, 64, True)
   (67, 853513, 853513, True)
   (68, 8, 8, True)
   (69, 69, 69, True)
   (71, 3882809, 3882809, True)
   (72, 3, 3, True)
   (73, 11957417, 11957417, True)
   (75, 11, 11, True)
   (76, 19, 19, True)
   (77, 1280, 1280, True)
   (79, 100146415, 100146415, True)
   (80, 5, 5, True)
   (83, 838216959, 838216959, True)
   (84, 1, 1, True)
   (85, 6205, 6205, True)
   (87, 1536, 1536, True)
   (88, 55, 55, True)
   (89, 13379363737, 13379363737, True)
known all equal: True count 63
time 1.3104865550994873
