================================================================================================
(1) FACTORIZACION EN DIMENSIONES DE GRUPOS CLASICOS
================================================================================================
  m   k   d    q   vivos   factoriz.  kappa=1 mal
  2   1   1    6      12    12/12               0
  2   2   2    3      42    42/42               0
  2   3   3    2      25    25/25               0
  2   4   2    3      42    42/42               0
  2   5   1    6      12    12/12               0
  3   1   1    8      27    27/27               0
  3   2   2    4     111   111/111              0
  3   3   1    8      27    27/27               0
  3   4   4    2     135   135/135              0
  3   5   1    8      27    27/27               0
  3   6   2    4     111   111/111              0
  3   7   1    8      27    27/27               0
  4   1   1   10      36    36/36               0
  4   2   2    5     300   300/300              0
  4   3   1   10      36    36/36               0
  4   4   2    5     300   300/300              0
  4   5   5    2     225   225/225              0
  4   6   2    5     300   300/300              0
  4   7   1   10      36    36/36               0
  4   8   2    5     300   300/300              0
  4   9   1   10      36    36/36               0
  5   1   1   12      32    32/32               0
  5   2   2    6     204   204/204              0
  5   3   3    4     120   120/120              0
  5   4   4    3     378   378/378              0
  5   5   1   12      32    32/32               0
  5   6   6    2     350   350/350              0
  5   7   1   12      32    32/32               0
  5   8   4    3     378   378/378              0
  5   9   3    4     120   120/120              0
  5  10   2    6     204   204/204              0
  5  11   1   12      32    32/32               0
  6   1   1   14      32    32/32               0
  6   2   2    7     360   360/360              0
  6   3   1   14      32    32/32               0
  6   4   2    7     360   360/360              0
  6   5   1   14      32    32/32               0
  6   6   2    7     360   360/360              0
  6   7   7    2     400   400/400              0
  6   8   2    7     360   360/360              0
  6   9   1   14      32    32/32               0
  6  10   2    7     360   360/360              0
  6  11   1   14      32    32/32               0
  6  12   2    7     360   360/360              0
  6  13   1   14      32    32/32               0
  7   1   1   16      32    32/32               0
  7   2   2    8     450   450/450              0
  7   3   1   16      32    32/32               0
  7   4   4    4     945   945/945              0
  7   5   1   16      32    32/32               0
  7   6   2    8     450   450/450              0
  7   7   1   16      32    32/32               0
  7   8   8    2    1225  1225/1225             0
  7   9   1   16      32    32/32               0
  7  10   2    8     450   450/450              0
  7  11   1   16      32    32/32               0
  7  12   4    4     945   945/945              0
  7  13   1   16      32    32/32               0
  7  14   2    8     450   450/450              0
  7  15   1   16      32    32/32               0
   TOTAL factorizacion: 11972 aciertos, 0 fallos
================================================================================================
(2) RECUENTO CERRADO  S_{C_m}(q)  para q | 2m+2
     m    q   d   S medido    formula   =?
     1    2   2          2          2   SI
     1    4   1          2          2   SI
     2    2   3          2          2   SI
     2    3   2          8          8   SI
     2    6   1          8          8   SI
     3    2   4          6          6   SI
     3    4   2         36         36   SI
     3    8   1         48         48   SI
     4    2   5          6          6   SI
     4    5   2        288        288   SI
     4   10   1        384        384   SI
     5    2   6         20         20   SI
     5    3   4        160        160   SI
     5    4   3        160        160   SI
     5    6   2       1920       1920   SI
     5   12   1       3840       3840   SI
================================================================================================
VEREDICTO: factorizacion OK;  recuento cerrado OK
