=== (1) para cada m, cuantos patrones multiplicativos dan suma pesada nula ===
m    #patrones #nulos   los patrones nulos (signo en cada primo)
3    4        1        [(2, 1), (3, -1)]
4    4        1        [(2, -1), (3, -1)]
7    16       1        [(2, 1), (3, -1), (5, -1), (7, 1)]
8    16       1        [(2, -1), (3, -1), (5, -1), (7, 1)]
11   32       2        [(2, 1), (3, 1), (5, -1), (7, -1), (11, -1)]; [(2, -1), (3, 1), (5, 1), (7, -1), (11, 1)]
12   32       2        [(2, 1), (3, -1), (5, 1), (7, -1), (11, -1)]; [(2, -1), (3, 1), (5, -1), (7, -1), (11, -1)]
15   64       2        [(2, 1), (3, -1), (5, 1), (7, 1), (11, -1), (13, -1)]; [(2, 1), (3, -1), (5, -1), (7, 1), (11, -1), (13, -1)]
16   64       4        [(2, 1), (3, -1), (5, 1), (7, -1), (11, -1), (13, 1)]; [(2, 1), (3, -1), (5, -1), (7, -1), (11, -1), (13, 1)]; [(2, -1), (3, -1), (5, 1), (7, -1), (11, -1), (13, 1)]
19   256      1        [(2, -1), (3, -1), (5, 1), (7, 1), (11, 1), (13, -1), (17, 1), (19, 1)]
20   256      9        [(2, 1), (3, -1), (5, -1), (7, 1), (11, 1), (13, -1), (17, -1), (19, -1)]; [(2, 1), (3, -1), (5, -1), (7, -1), (11, -1), (13, 1), (17, -1), (19, 1)]; [(2, -1), (3, 1), (5, 1), (7, 1), (11, -1), (13, 1), (17, -1), (19, -1)]
23   512      5        [(2, 1), (3, 1), (5, -1), (7, 1), (11, -1), (13, -1), (17, 1), (19, -1), (23, -1)]; [(2, 1), (3, 1), (5, -1), (7, -1), (11, -1), (13, -1), (17, 1), (19, 1), (23, 1)]; [(2, -1), (3, 1), (5, 1), (7, -1), (11, -1), (13, -1), (17, 1), (19, -1), (23, -1)]
24   512      14       [(2, 1), (3, -1), (5, 1), (7, 1), (11, -1), (13, 1), (17, -1), (19, -1), (23, 1)]; [(2, 1), (3, -1), (5, 1), (7, 1), (11, -1), (13, -1), (17, 1), (19, 1), (23, -1)]; [(2, 1), (3, -1), (5, 1), (7, -1), (11, -1), (13, 1), (17, -1), (19, -1), (23, 1)]
27   512      5        [(2, 1), (3, -1), (5, 1), (7, 1), (11, 1), (13, -1), (17, 1), (19, -1), (23, -1)]; [(2, 1), (3, -1), (5, 1), (7, -1), (11, 1), (13, -1), (17, 1), (19, -1), (23, -1)]; [(2, -1), (3, 1), (5, 1), (7, 1), (11, 1), (13, 1), (17, -1), (19, -1), (23, -1)]
28   512      8        [(2, 1), (3, -1), (5, 1), (7, 1), (11, -1), (13, -1), (17, 1), (19, 1), (23, -1)]; [(2, 1), (3, -1), (5, -1), (7, 1), (11, 1), (13, -1), (17, -1), (19, -1), (23, 1)]; [(2, 1), (3, -1), (5, -1), (7, 1), (11, -1), (13, 1), (17, 1), (19, -1), (23, -1)]
filas con solucion: [3, 4, 7, 8, 11, 12, 15, 16, 19, 20, 23, 24, 27, 28]

=== (2) contraste con los caracteres cuadraticos de verdad ===
m    #f vistos T=0 reales predichos  coinciden  veredicto
2    196      0          0          si         ok
3    194      14         14         si         ok
4    192      16         16         si         ok
5    190      0          0          si         ok
6    188      0          0          si         ok
7    186      3          3          si         ok
8    184      3          3          si         ok
9    182      0          0          si         ok
10   180      0          0          si         ok
11   178      0          0          si         ok
12   176      1          1          si         ok
13   174      0          0          si         ok
14   172      0          0          si         ok
15   170      1          1          si         ok
16   168      0          0          si         ok
17   166      0          0          si         ok
18   164      0          0          si         ok
19   162      0          0          si         ok
20   160      0          0          si         ok

celdas (m,f): 787 ok, 0 discrepan
