PASO 1 y 2: C_J contra C(p,n)/p^{|J|}, y la constante implicita del error O(p^{n/2})
n    p     J        C_J medido   C(p,n)/p^|J| error        err/p^{n/2}
7    11    {1,2}    0            2.7          2.7          0.001     
7    11    {1,3}    10           2.7          7.3          0.002     
7    11    {1,2,3}  0            0.2          0.2          0.000     
8    11    {1,2}    0            1.4          1.4          0.000     
8    11    {1,3}    5            1.4          3.6          0.000     
8    11    {1,2,3}  0            0.1          0.1          0.000     
7    29    {1,2}    1866         1855.9       10.1         0.000     
7    29    {1,3}    2048         1855.9       192.1        0.001     
7    29    {1,2,3}  46           64.0         18.0         0.000     
8    29    {1,2}    5107         5103.6       3.4          0.000     
8    29    {1,3}    5429         5103.6       325.4        0.000     
8    29    {1,2,3}  235          176.0        59.0         0.000     
7    43    {1,2}    17422        17427.9      5.9          0.000     
7    43    {1,3}    17296        17427.9      131.9        0.000     
7    43    {1,2,3}  412          405.3        6.7          0.000     
8    43    {1,2}    78525        78425.4      99.6         0.000     
8    43    {1,3}    79911        78425.4      1485.6       0.000     
8    43    {1,2,3}  1791         1823.8       32.8         0.000     

PASO 1 (numero de centrados = C(p,n)/p) comprobado exacto en todos los casos.

PASO 3: la inclusion-exclusion, como IDENTIDAD EXACTA
n    p     C12+C13-C123   censo M2M3=0   coincide
7    11    10             10             si
7    43    34306          34306          si
8    11    5              5              si
8    43    156645         156645         si
    fallos: 0

PASO 4: conjuntos centrados con estabilizador no trivial, contra p^{floor(n/2)}
n    p     medido         p^floor(n/2)   cociente  
5    11    12             121            0.0992    
6    11    12             1331           0.0090    
7    11    10             1331           0.0075    
5    13    15             169            0.0888    
6    13    24             2197           0.0109    
7    13    24             2197           0.0109    
5    17    28             289            0.0969    
6    17    56             4913           0.0114    
7    17    56             4913           0.0114    
5    19    36             361            0.0997    
6    19    96             6859           0.0140    
7    19    96             6859           0.0140    

LA ASINTOTICA: F_n(p) = #{M_2 M_3 = 0}/#centrados, y (F - 2/p) p^2 -> -1 si n >= 7
n    p     F_n(p)       2/p          (F-2/p)p     (F-2/p)p^2  
5    11    0.28571429   0.18181818   1.14286      12.5714     
5    13    0.15151515   0.15384615   -0.03030     -0.3939     
5    17    0.12087912   0.11764706   0.05495      0.9341      
5    19    0.14705882   0.10526316   0.79412      15.0882     
5    23    0.11278195   0.08695652   0.59398      13.6617     
5    29    0.08376068   0.06896552   0.42906      12.4427     
5    31    0.07498632   0.06451613   0.32458      10.0619     
5    37    0.05576776   0.05405405   0.06341      2.3461      
5    41    0.05460116   0.04878049   0.23865      9.7845      
5    43    0.04690432   0.04651163   0.01689      0.7261      

6    11    0.28571429   0.18181818   1.14286      12.5714     
6    13    0.18181818   0.15384615   0.36364      4.7273      
6    17    0.16483516   0.11764706   0.80220      13.6374     
6    19    0.14285714   0.10526316   0.71429      13.5714     
6    23    0.10275689   0.08695652   0.36341      8.3584      
6    29    0.07863248   0.06896552   0.28034      8.1299      
6    31    0.07161804   0.06451613   0.22016      6.8249      
6    37    0.05805959   0.05405405   0.14820      5.4836      
6    41    0.05277747   0.04878049   0.16388      6.7189      
6    43    0.05026168   0.04651163   0.16125      6.9338      

7    11    0.33333333   0.18181818   1.66667      18.3333     
7    13    0.18181818   0.15384615   0.36364      4.7273      
7    17    0.11888112   0.11764706   0.02098      0.3566      
7    19    0.11764706   0.10526316   0.23529      4.4706      
7    23    0.09184727   0.08695652   0.11249      2.5872      
7    29    0.07186919   0.06896552   0.08421      2.4420      
7    31    0.06525199   0.06451613   0.02281      0.7072      
7    37    0.05386407   0.05405405   -0.00703     -0.2601     
7    41    0.04891126   0.04878049   0.00536      0.2198      
7    43    0.04577808   0.04651163   -0.03154     -1.3563     

8    11    0.33333333   0.18181818   1.66667      18.3333     
8    13    0.15151515   0.15384615   -0.03030     -0.3939     
8    17    0.12727273   0.11764706   0.16364      2.7818      
8    19    0.11764706   0.10526316   0.23529      4.4706      
8    23    0.09081527   0.08695652   0.08875      2.0413      
8    29    0.06959900   0.06896552   0.01837      0.5328      
8    31    0.06536988   0.06451613   0.02647      0.8205      
8    37    0.05409695   0.05405405   0.00159      0.0587      
8    41    0.04866238   0.04878049   -0.00484     -0.1985     
8    43    0.04645062   0.04651163   -0.00262     -0.1128     

