p     (2|p)  N(p) contado           formula                coinciden
5     -1     0                      0                      si
7     1      2                      2                      si
11    -1     2                      2                      si
13    -1     4                      4                      si
17    1      16                     16                     si
19    -1     26                     26                     si
23    1      90                     90                     si
29    -1     564                    564                    si
31    1      1058                   1058                   si
37    -1     7084                   7084                   si
41    1      25576                  25576                  si
43    -1     48770                  48770                  si
47    1      178482                 178482                 si
53    -1     1266204                1266204                si
59    -1     9099506                9099506                si
181   -1     6839447730858454557453724 6839447730858454557453724 si
191   1      207403566791267899459539138 207403566791267899459539138 si
193   1      410508614063545790640124096 410508614063545790640124096 si
197   -1     1608693655111966245554191884 1608693655111966245554191884 si
199   1      3185051759367410556524379914 3185051759367410556524379914 si

primos comprobados hasta 199 ; fallos: 0
VEREDICTO: la formula SOBREVIVE
