==================================================================================================
(1a) p = 2, q' IMPAR: ¿el segmento x 2^{-1} es un consecutivo centrado en q'/2?
==================================================================================================
n   q     q'   impares mod q'                 x 2^{-1} ordenado        consecutivo?
4   3     3    [0, 0, 1, 2]                   [0, 0, 1, 2]             si  centro=1
4   5     5    [1, 2, 3, 4]                   [1, 2, 3, 4]             si  centro=5/2
4   7     7    [1, 3, 4, 6]                   [2, 3, 4, 5]             si  centro=7/2
4   9     9    [1, 3, 6, 8]                   [3, 4, 5, 6]             si  centro=9/2
4   11    11   [1, 3, 8, 10]                  [4, 5, 6, 7]             si  centro=11/2
4   13    13   [1, 3, 10, 12]                 [5, 6, 7, 8]             si  centro=13/2
4   15    15   [1, 3, 12, 14]                 [6, 7, 8, 9]             si  centro=15/2
4   17    17   [1, 3, 14, 16]                 [7, 8, 9, 10]            si  centro=17/2
4   19    19   [1, 3, 16, 18]                 [8, 9, 10, 11]           si  centro=19/2
4   21    21   [1, 3, 18, 20]                 [9, 10, 11, 12]          si  centro=21/2
6   3     3    [0, 0, 1, 1, 2, 2]             [0, 0, 1, 1, 2, 2]       si  centro=1
6   5     5    [0, 0, 1, 2, 3, 4]             [0, 0, 1, 2, 3, 4]       si  centro=2
6   7     7    [1, 2, 3, 4, 5, 6]             [1, 2, 3, 4, 5, 6]       si  centro=7/2
6   9     9    [1, 3, 4, 5, 6, 8]             [2, 3, 4, 5, 6, 7]       si  centro=9/2
6   11    11   [1, 3, 5, 6, 8, 10]            [3, 4, 5, 6, 7, 8]       si  centro=11/2
6   13    13   [1, 3, 5, 8, 10, 12]           [4, 5, 6, 7, 8, 9]       si  centro=13/2
6   15    15   [1, 3, 5, 10, 12, 14]          [5, 6, 7, 8, 9, 10]      si  centro=15/2
6   17    17   [1, 3, 5, 12, 14, 16]          [6, 7, 8, 9, 10, 11]     si  centro=17/2
6   19    19   [1, 3, 5, 14, 16, 18]          [7, 8, 9, 10, 11, 12]    si  centro=19/2
6   21    21   [1, 3, 5, 16, 18, 20]          [8, 9, 10, 11, 12, 13]   si  centro=21/2
8   3     3    [0, 0, 1, 1, 1, 2, 2, 2]       [0, 0, 1, 1, 1, 2, 2, 2] si  centro=1
8   5     5    [0, 0, 1, 2, 2, 3, 3, 4]       [0, 0, 1, 1, 2, 3, 4, 4] si  centro=2
8   7     7    [0, 0, 1, 2, 3, 4, 5, 6]       [0, 0, 1, 2, 3, 4, 5, 6] si  centro=3
8   9     9    [1, 2, 3, 4, 5, 6, 7, 8]       [1, 2, 3, 4, 5, 6, 7, 8] si  centro=9/2
8   11    11   [1, 3, 4, 5, 6, 7, 8, 10]      [2, 3, 4, 5, 6, 7, 8, 9] si  centro=11/2
8   13    13   [1, 3, 5, 6, 7, 8, 10, 12]     [3, 4, 5, 6, 7, 8, 9, 10 si  centro=13/2
8   15    15   [1, 3, 5, 7, 8, 10, 12, 14]    [4, 5, 6, 7, 8, 9, 10, 1 si  centro=15/2
8   17    17   [1, 3, 5, 7, 10, 12, 14, 16]   [5, 6, 7, 8, 9, 10, 11,  si  centro=17/2
8   19    19   [1, 3, 5, 7, 12, 14, 16, 18]   [6, 7, 8, 9, 10, 11, 12, si  centro=19/2
8   21    21   [1, 3, 5, 7, 14, 16, 18, 20]   [7, 8, 9, 10, 11, 12, 13 si  centro=21/2
   consecutivos: 95 | no: 0

==================================================================================================
(1b) p IMPAR, q' = 2r PAR: ¿rango modulo p del segmento impar mod 2r == rango mod r?
==================================================================================================
n   q     p   q'=2r r    W_1     rango 2r  rango r   veredicto
4   12    3   8     4    2       2         1         *** DISCREPA ***
4   15    3   10    5    2       2         2         ok
4   15    5   6     3    1       1         1         ok
4   20    5   8     4    2       2         1         *** DISCREPA ***
4   21    3   14    7    3       3         3         ok
4   21    7   6     3    1       1         1         ok
4   24    3   16    8    4       4         2         *** DISCREPA ***
4   28    7   8     4    2       2         1         *** DISCREPA ***
4   30    3   20    10   4       4         2         *** DISCREPA ***
4   30    5   12    6    2       2         1         *** DISCREPA ***
4   33    3   22    11   5       5         5         ok
4   33    11  6     3    1       1         1         ok
4   35    5   14    7    3       3         3         ok
4   35    7   10    5    2       2         2         ok
4   36    3   8     4    2       2         1         *** DISCREPA ***
4   39    3   26    13   6       6         6         ok
4   39    13  6     3    1       1         1         ok
4   40    5   16    8    4       3         2         *** DISCREPA ***
4   42    3   28    14   6       6         3         *** DISCREPA ***
4   42    7   12    6    2       2         1         *** DISCREPA ***
4   45    3   10    5    2       2         2         ok
4   45    5   18    9    3       3         3         ok
6   12    3   8     4    2       1         0         *** DISCREPA ***
6   15    3   10    5    2       2         2         ok
6   15    5   6     3    1       1         1         ok
6   20    5   8     4    2       2         1         *** DISCREPA ***
6   21    3   14    7    3       3         3         ok
6   21    7   6     3    1       1         1         ok
6   24    3   16    8    4       3         1         *** DISCREPA ***
6   28    7   8     4    2       2         1         *** DISCREPA ***
6   30    3   20    10   4       4         2         *** DISCREPA ***
6   30    5   12    6    2       2         1         *** DISCREPA ***
6   33    3   22    11   5       4         4         ok
6   33    11  6     3    1       1         1         ok
6   35    5   14    7    3       3         3         ok
6   35    7   10    5    2       2         2         ok
6   36    3   8     4    2       1         0         *** DISCREPA ***
6   39    3   26    13   6       6         6         ok
6   39    13  6     3    1       1         1         ok
6   40    5   16    8    4       3         2         *** DISCREPA ***
6   42    3   28    14   6       5         3         *** DISCREPA ***
6   42    7   12    6    2       2         1         *** DISCREPA ***
6   45    3   10    5    2       2         2         ok
6   45    5   18    9    3       3         3         ok
8   12    3   8     4    2       2         1         *** DISCREPA ***
8   15    3   10    5    2       2         2         ok
8   15    5   6     3    1       1         1         ok
8   20    5   8     4    2       2         1         *** DISCREPA ***
8   21    3   14    7    3       3         3         ok
8   21    7   6     3    1       1         1         ok
8   24    3   16    8    4       4         2         *** DISCREPA ***
8   28    7   8     4    2       2         1         *** DISCREPA ***
8   30    3   20    10   4       4         2         *** DISCREPA ***
8   30    5   12    6    2       2         1         *** DISCREPA ***
8   33    3   22    11   5       5         5         ok
8   33    11  6     3    1       1         1         ok
8   35    5   14    7    3       3         3         ok
8   35    7   10    5    2       2         2         ok
8   36    3   8     4    2       2         1         *** DISCREPA ***
8   39    3   26    13   6       6         6         ok
8   39    13  6     3    1       1         1         ok
8   40    5   16    8    4       4         2         *** DISCREPA ***
8   42    3   28    14   6       5         3         *** DISCREPA ***
8   42    7   12    6    2       2         1         *** DISCREPA ***
8   45    3   10    5    2       2         2         ok
8   45    5   18    9    3       3         3         ok
10  12    3   8     4    2       2         1         *** DISCREPA ***
10  15    3   10    5    2       2         2         ok
10  15    5   6     3    1       1         1         ok
10  20    5   8     4    2       1         0         *** DISCREPA ***
10  21    3   14    7    3       3         3         ok
10  21    7   6     3    1       1         1         ok
10  24    3   16    8    4       4         2         *** DISCREPA ***
10  28    7   8     4    2       2         1         *** DISCREPA ***
10  30    3   20    10   4       4         2         *** DISCREPA ***
10  30    5   12    6    2       2         1         *** DISCREPA ***
10  33    3   22    11   5       5         5         ok
10  33    11  6     3    1       1         1         ok
10  35    5   14    7    3       3         3         ok
10  35    7   10    5    2       2         2         ok
10  36    3   8     4    2       2         1         *** DISCREPA ***
10  39    3   26    13   6       6         6         ok
10  39    13  6     3    1       1         1         ok
10  40    5   16    8    4       2         1         *** DISCREPA ***
10  42    3   28    14   6       5         3         *** DISCREPA ***
10  42    7   12    6    2       2         1         *** DISCREPA ***
10  45    3   10    5    2       2         2         ok
10  45    5   18    9    3       3         3         ok
   coinciden: 48 | discrepan: 40

==================================================================================================
(2) HUECO DEL SOPORTE: estable pero FUERA de familia => W_1 = d ?
==================================================================================================
n   q     p   q'    d    W_1    W_1 = d?  familia
3   30    5   6     1    1      si        fuera
3   42    7   6     1    1      si        fuera
9   30    5   6     1    1      si        fuera
9   42    7   6     1    1      si        fuera
   casillas estables fuera de familia: 4 | con W_1 = d: 4 | cortas: 0
   *** el criterio de familias queda medido de punta a punta ***
